15565
5613
6373
19626
1089
2550
17370
978
20207
4286
21838
20309
6412
10164
16063
23876
4276
23450
21692
32645
4489
26003
18343
20866
925
7805
6585
26142
8594
15488
13894
4589
27135
3815
3651
9636
16406
11311
24069
11470
32644
18014
75
1217
1945
6551
29311
24529
425
10474
28217
2243
26290
15728
15365
31365
2110
23448
9062
8220
8331
8892
7195
20701
11754
19192
9376
23776
7525
13627
25080
15794
2212
16798
27818
16202
2834
24565
28426
13630
29243
3748
30905
4151
19832
15285
11119
26531
8399
15399
9464
19369
16149
19848
19069
29538
3925
21958
22789
6982
16758
21826
24379
10212
13847
16166
1138
24791
7614
11257
16614
22517
4914
6768
27461
20681
13605
12935
16238
15428
790
16081
17016
7343
374
20492
10230
26084
26890
16121
7289
11710
26000
107
6487
16590
10149
32669
9643
28495
19942
29384
10397
9820
26966
24053
12516
10593
8448
14352
21897
32720
14557
26175
5101
27413
32759
370
20237
30923
27087
6714
21509
1328
22268
28382
2003
16854
20758
18348
8798
5276
15826
28045
6839
25309
19822
28380
10398
7399
10320
9848
32584
7599
8170
14616
9567
12995
26336
31967
3659
24703
5229
32561
22704
13956
30467
7364
22071
18534
31281
24570
16530
7845
9162
6510
16314
13279
27716
26316
9595
21059
30302
7143
563
25929
27141
16901
30423
5024
30329
8573
26678
13672
16300
2437
30594
31394
15083
19013
25612
21989
16063
5424
14927
32594
18966
14227
29744
9162
18078
25454
28292
5214
19058
31364
22483
2566
7416
4014
31835
20886
777
4724
4952
29679
5715
22750
29059
11890
11260
31624
17625
20411
3720
14325
15773
19595
3837
19749
18592
8453
12613
1642
16064
21022
30675
26743
11695
9039
4746
13498
7670
21644
29914
14060
31289
31866
5932
4326
31676
21213
26496
30902
16422
32591
11604
7410
27781
16440
25800
9036
403
32250
21761
30055
17720
7788
26059
20457
25935
11402
30850
18386
14253
10347
18482
14860
15199
4979
5373
22850
16180
3273
7869
19958
20860
4619
13035
7374
23822
14401
20928
18223
6032
28944
11929
23053
9458
12337
4000
24322
5180
1313
20649
25501
6538
32025
3418
2812
10580
24896
13967
23965
22771
9504
5884
19313
10337
6486
2837
5170
6465
13966
28714
2551
14111
5295
3799
25094
29944
25171
1179
2025
1021
28794
28871
9924
1940
9855
26778
23781
19104
29259
30378
19869
23042
2248
10629
1358
10336
2712
30105
25542
7972
24840
28241
203
16584
26431
6785
16119
16466
13244
26628
199
12826
5631
676
13294
14803
7301
4665
9967
22985
14074
9237
23786
18280
18603
17312
21430
26878
16186
1600
28721
24770
405
3708
1236
18708
19240
19040
9867
1542
18258
28963
17347
20508
278
1031
12740
23632
31508
22145
9281
17753
951
24986
17197
6701
6575
26261
21201
13765
29858
9426
8732
17440
1566
9970
13114
6282
1747
27452
21096
14622
25599
27455
3846
17290
8489
18105
19181
3858
530
5560
21508
12248
4329
9727
15374
16218
21694
10155
25286
3644
19513
3351
26158
9032
140
8700
27940
11187
17574
7645
54
16545
29865
13730
25783
9708
18847
28803
11794
26145
5481
17447
31071
28620
31479
15373
1844
6134
30399
12332
10174
9707
19303
20182
11536
19521
9925
32226
22458
13077
4874
22282
29086
30616
2106
17298
2815
17611
12768
31531
3547
27014
15615
27158
7035
4031
16971
17036
26696
30985
8345
15710
2528
25691
23445
19929
27497
275
21171
19692
23590
4922
25704
24461
27719
11530
20889
7256
3078
8621
30036
13433
8431
5448
9406
9165
1407
20024
19276
11332
9969
11164
5942
8330
13653
25875
18985
16870
6626
30663
573
13666
10125
25770
3878
21548
14811
9215
10158
23356
13811
29213
4963
15927
8695
22895
7308
8595
18068
7616
24162
16381
3800
27829
17277
16119
6724
30619
18573
14022
13603
23139
22346
29067
11034
29675
19886
9648
10239
4992
1377
12165
6894
8096
28533
3627
20378
6660
6227
10162
12770
9438
10229
6270
28581
27999
12886
4591
27862
8060
27687
3137
15827
18162
6084
20400
7154
16775
15974
6368
2141
9875
2458
23677
4385
18368
20722
28190
27777
12046
12282
3696
24208
15898
14445
9360
7423
21151
5289
9912
9523
5181
11873
30238
14490
20345
11666
12825
29504
518
25528
18054
12445
31811
30529
14698
12978
15364
25410
31705
16212
25749
8041
16918
10183
30716
1075
9979
28302
13695
16222
7835
32642
16742
27810
31783
11810
31234
9884
3854
28202
7662
9227
7016
31335
10133
13630
12693
24009
500
13773
10529
4794
31394
18056
17131
11438
5389
25517
13959
16379
8966
11102
12000
31724
18048
26705
31266
11024
16532
13514
28887
3544
12745
18886
22608
17249
12179
20089
17478
13455
21273
15355
15297
13659
9531
10559
9529
20590
3028
4932
15867
28910
7228
30095
8399
24216
30482
18136
8152
16399
4408
11780
30139
6003
3614
851
4612
27958
3908
29147
1221
7467
7418
19765
19839
31200
3179
28534
4422
14894
1753
13152
31777
25870
5674
24282
20912
12206
23204
4510
28945
453
19957
3122
20483
5155
14198
25369
12620
23948
13744
29258
6745
16838
288
9441
19493
14065
19511
25877
17244
21783
25765
18538
959
1028
31191
19495
13002
15192
11454
13835
17812
2266
19667
27964
17912
20751
26200
24448
29426
32268
1504
18095
16459
4232
21777
25193
31097
18229
29865
31236
3009
20561
14271
15048
15262
14711
9292
18015
18790
4540
23785
1415
18731
29175
22490
4874
12767
24416
1868
21232
26556
15453
22235
2547
17891
15256
8791
2355
27460
2389
2504
16939
20157
7939
18095
22244
24198
29968
26255
31336
11980
1794
3756
13690
31644
24004
11539
25476
515
5181
15066
31697
29812
2599
29609
31484
3689
14623
9850
169
2893
24568
924
30066
1178
30805
3070
19749
31551
10871
1450
14636
4164
13139
6544
24396
12464
28904
32389
26771
14507
2255
21899
31883
20960
23828
6995
31924
4389
17220
21248
5169
5982
12743
20014
28610
14750
22384
13875
12786
29840
20819
15012
30610
12054
29399
2332
101
4143
21516
29240
20509
27678
6718
24550
23430
3273
11978
224
5634
22879
22576
19827
29493
8509
26986
18821
12545
3603
31612
10198
32181
322
25933
12934
20097
24713
26037
7384
31278
5601
13271
8757
27659
18085
27057
5748
811
1526
31985
19288
29133
1630
14858
28506
12572
3763
30088
18857
23833
13887
26528
30576
3285
11293
26124
3671
31459
3558
28694
18508
4621
4494
16626
7299
12870
1672
23632
27067
16864
29233
18738
5572
24319
19307
28411
17982
17742
6536
18633
5795
15344
31339
25349
28552
8122
21481
22329
25375
23967
13429
14881
13057
29035
9981
12292
25386
15541
32271
6980
32325
18958
23104
6453
28459
20607
28622
16683
5030
2867
20356
22999
27770
14704
14046
30931
3750
23244
11118
16507
14823
31645
25982
12287
14462
9649
19959
14774
27699
18751
4994
5045
11418
12830
6892
30369
23189
23861
20175
16065
19738
16947
4719
9047
31542
25984
23522
30769
1874
18035
14708
11643
4022
32197
17993
471
26699
8261
21060
6832
8613
14798
16680
30410
320
29814
25853
28446
20234
16393
22454
14822
7202
3510
6160
9204
26336
29703
28093
29767
16405
20247
22722
11744
21908
12543
4126
9170
1521
13969
21420
5017
24968
5193
5450
14764
15553
28544
15675
5206
14227
22499
3530
18625
24135
29988
27184
24148
18303
15599
1208
17470
21366
17696
14369
21843
28809
1587
4164
19992
2295
8699
17911
26905
32229
663
12848
5507
21413
26019
31854
31726
29495
10155
2132
17787
9488
25573
26263
22815
10523
15391
19739
830
4094
23798
23129
15228
14750
4681
10244
31952
7397
32749
28908
25562
15555
21154
20002
1910
28274
32070
20317
16273
21759
22089
29340
20027
13830
10593
16141
7934
3005
4479
1838
4206
30771
12033
5682
31746
32218
3625
19622
28706
8516
20942
28756
20609
22570
30289
13160
20653
27058
16595
14033
31973
9201
11941
3050
17706
2735
30976
31066
16024
25451
247
1849
3831
17055
14249
5748
13966
32326
22203
1906
11319
10650
32006
13303
32697
32290
908
16457
30289
21996
7857
1938
21906
6936
8104
10118
20592
20630
27179
28485
19095
6191
29295
13699
26113
22986
22359
23014
3783
28648
27880
30127
31031
32114
19197
32669
17960
20660
13371
26382
16778
30633
26952
27240
28481
27001
15416
11447
23092
26944
30792
20120
22944
1553
29135
3669
16563
23611
21105
13137
11350
31690
30102
18599
25418
6225
26906
27406
31862
26087
26183
11776
16255
18288
22272
23579
29594
12830
15166
5831
4254
27191
705
6425
1630
32024
12031
8695
3637
7290
20833
18813
15074
16116
14766
17824
14998
10689
26823
25105
32588
18372
7062
12132
16729
29129
577
11634
4164
3086
30627
29948
26071
7426
19708
9361
28534
16716
32231
5297
432
8463
24717
5938
27156
19052
9753
17891
4934
5449
16236
9328
12114
29777
31249
6533
23615
22332
26995
822
30440
593
28749
27295
4103
32553
32355
6855
14227
2741
22128
7883
4684
9347
28767
27448
28052
9020
19389
14008
17792
29298
18031
17905
28975
23960
19360
11946
26970
3154
28414
22063
23853
5104
18470
12023
2389
16948
8796
31109
1371
1372
21632
3212
31536
5468
21821
26710
32009
17004
24452
6502
28012
3266
15161
11869
11659
27041
32300
17690
1490
22930
22858
29477
31932
13298
17941
3406
4074
19372
10321
4753
886
20808
14336
15933
15237
5669
18321
1366
21531
5378
14933
823
27444
25539
16178
6523
20752
29298
9115
18206
4814
15237
21183
31456
4924
18783
21761
25834
9710
13593
25513
2996
24717
641
25817
10278
5746
32099
25538
3326
12915
31752
22807
7537
25341
11005
22466
5909
19556
17941
29143
13054
13686
25265
27078
25127
25174
12095
980
10516
4488
19457
3020
24246
20296
8464
25329
21135
4896
21920
10808
7703
23481
19589
23732
9565
15602
18935
28242
2801
5167
9874
17094
6914
22259
13216
4293
29124
12210
13467
1397
24852
23776
4590
15394
22879
1614
10492
24114
22976
31926
23907
32603
11112
6037
20354
2579
27715
9528
23609
20552
11481
8474
18927
5202
9586
9325
18138
7718
18045
17655
7290
12492
10290
22047
15463
29715
7543
16456
2637
9859
28160
25181
1845
11155
31675
12717
16902
18972
22379
3066
12619
12046
2194
28620
23094
2146
3221
3851
26853
19535
20763
28621
7653
193
11702
3949
13557
5895
8389
15325
10508
12235
21401
5949
31133
23368
10710
31148
21785
10679
24604
9566
19638
8202
32231
238
30063
25821
7860
19446
6731
14762
22118
478
25571
5180
13543
24305
6430
27750
11538
15286
23872
4596
25297
12925
3875
7906
9346
17208
11715
22988
5024
27020
26113
7334
16543
22824
11680
5037
15895
21590
3988
26781
28453
20687
3452
11813
5391
24276
14957
8088
24614
1658
29425
2277
2033
3910
22095
27337
11911
26105
25869
12099
4925
5293
26804
585
22657
289
2259
8889
24838
25938
12614
16274
2082
13899
11704
13668
14708
27965
7783
16389
11209
26322
10791
29830
17216
19647
4522
5989
24237
15769
2046
8964
5180
9961
29783
4698
8535
1410
271
17385
4553
18
7147
2288
25123
4088
19360
13537
8542
11349
32406
16661
21955
11110
14059
22719
10504
19985
14267
24863
8124
10685
6047
20984
24549
25703
23667
29251
19175
30450
1117
19749
28327
27071
8202
29471
4593
16254
25147
23429
24599
580
18561
31281
30683
9949
16708
23928
24975
14947
29450
26717
12411
3599
2294
32005
21375
21840
10383
11115
22778
27162
29892
14421
10730
11137
16940
4231
84
10886
24722
31798
7398
6449
7600
9919
32731
12256
25915
20121
10527
31966
8736
12680
9139
21047
17678
2324
24660
17867
5172
11066
9047
30626
10316
9057
2520
4735
15064
22416
27155
15032
10667
3549
4882
24388
21420
26153
12169
8470
13015
7178
20478
17577
22404
9481
24620
25053
10476
32526
2986
17921
3817
17176
21960
15409
26877
20529
26810
12258
30358
8866
24568
23995
5264
11107
4580
1703
29692
15317
7341
22824
11808
22963
14964
1262
22974
3910
8366
11432
1434
3033
28362
10778
15414
10349
28691
22639
29920
9390
13527
22737
5614
12325
18121
1336
27721
5038
31908
1407
15400
3885
12561
15037
20254
16253
24779
29906
9047
8361
29697
9792
8223
95
14076
2621
29603
29857
17921
28934
32252
10942
28793
9845
28009
8833
22351
9942
28636
10664
19098
5623
7609
11159
10876
11390
474
10574
20297
3967
25302
28057
15596
17998
12675
20870
9607
17042
16569
9500
32602
11931
10841
4170
12774
30198
1422
30
7762
15422
21075
29752
1805
13876
15926
16509
6837
6418
9819
5904
9784
5149
31427
28286
12857
2170
26318
6200
4021
29506
25343
6983
6118
15833
5120
10043
9063
26747
6886
13156
31898
17175
15029
7749
20807
10337
30503
24902
26501
28451
4265
11433
6622
1491
423
32703
24238
27755
24841
4444
24268
117
19966
7304
24428
20325
18680
25975
836
25388
7672
2748
9966
15626
17419
30393
23694
29348
22036
1370
19124
8534
2253
12803
29316
11210
16905
25030
8468
30154
13628
7642
4117
4690
10556
21064
31158
6122
19273
25832
9157
3890
13132
14476
9751
12223
32092
28795
28715
24357
7302
2081
21002
9813
19150
4868
3185
4394
14961
14586
11314
11326
27757
17050
13528
5378
20547
18928
24202
20494
4348
25461
27442
22965
13162
21309
22238
9437
27056
8819
26470
31757
16389
10499
24399
30920
1716
24470
22511
1306
7527
3523
1746
7024
934
10371
29277
14509
21147
29926
22961
13433
1048
17157
21458
29660
10971
21816
27145
10765
16
18313
12678
7044
27159
2920
10314
5974
24712
19360
22852
6850
20852
19593
3002
21255
27630
7295
491
29049
29642
10388
2803
1492
677
2434
27630
21200
23078
7396
25696
20726
11138
16037
20949
21425
30790
14008
14020
1192
28753
12041
10425
10571
28959
17844
27059
26284
2638
3958
12491
30609
11098
7776
26135
2247
24236
24787
21966
12217
13779
27816
7853
12097
19217
2735
24473
32445
31769
5723
26757
18278
16919
1467
29334
19421
19185
11692
9093
28167
14284
5710
24646
18203
9427
29620
13031
1529
24115
5856
18362
1982
26218
27374
17846
24213
12738
21135
1563
15056
15128
31161
28501
27191
21986
28573
30499
24991
24945
7386
4088
1215
16755
27120
1442
8256
16315
10743
3369
18963
15173
7569
3066
7175
18548
8733
23108
31899
9887
24877
1187
27152
11980
5178
20732
31683
8123
12439
2728
3514
27431
4004
22996
19069
26696
26436
10791
1831
3996
9873
25766
9660
9191
2766
213
29117
27769
156
12575
11002
25775
9585
11896
12968
1212
32071
26433
3763
1961
12433
5484
14166
21147
26227
32736
25320
24917
3890
27423
17401
23549
13034
32038
28061
14883
6271
6293
21000
5887
22741
29455
3931
6906
12868
27364
32446
7793
12358
24557
14767
27061
31603
5048
2457
13910
26032
21733
30121
21921
1699
31184
25309
8295
31850
28273
31326
5120
9356
22912
18959
16528
24879
7388
21350
27785
16012
13613
31867
4465
3233
15560
5982
5606
16677
5588
29614
26847
13761
32683
11879
25140
5757
7043
13308
3169
5241
9294
10406
15239
12509
24031
11003
5555
13330
32589
9410
28771
9523
7324
7686
10054
21950
21402
18025
20548
21904
16392
10427
28862
25360
31482
15563
6167
11178
10625
19325
883
28799
24198
22813
11966
25434
21497
2547
30449
20454
16172
13592
12688
25887
17529
6536
23927
13063
20011
26999
20695
12442
19100
8169
2172
24067
5530
21629
31825
22288
4367
393
7461
27108
12513
28780
24495
1516
32280
16416
30928
5908
21823
14863
12057
8506
25612
26920
25997
12258
10819
10033
17320
28204
471
5215
7840
31492
29266
11556
2026
19865
21368
29256
9472
15888
807
22331
13410
1657
12930
27306
25562
20482
3663
27984
23557
8298
18076
19215
9487
15289
14761
10815
18622
20015
17922
1350
21938
29306
2028
616
10219
26668
1538
32225
6795
3691
4384
31281
1757
30442
23424
27320
13463
9497
2851
3202
8028
19865
19315
16740
13701
10739
8742
8520
29729
13449
2917
13765
1082
24781
8494
5107
15707
9136
20983
18557
12622
24670
27284
18935
9514
3368
30554
25970
7054
9409
16517
22862
21543
14254
26071
4688
25720
12792
23938
16116
19930
10532
23112
11525
13505
18020
23777
9578
7490
8463
29853
14915
20690
7503
29514
15157
20817
8986
6232
17409
32071
16739
30523
6492
18797
4497
7441
18427
13167
28464
14725
14829
20976
22502
20211
13869
9678
1961
11725
32376
4264
9520
16189
32604
5278
4775
25355
18066
16728
13991
25794
13197
29258
20837
19470
5715
16950
12842
3177
12428
22514
24835
22518
19672
28779
4281
6573
24678
18922
27907
23225
27331
21654
6395
5918
2031
19515
29135
17823
26806
8009
27065
5855
9533
18208
3889
12230
7644
30090
5217
25382
24107
15241
27353
11935
13920
3412
18308
32448
32472
18332
8922
32366
14835
6675
2392
30090
2085
31535
20525
31438
8778
2347
567
31992
20026
31824
6445
26411
414
3698
22302
25746
9986
31677
21530
1862
14635
178
5167
22130
10410
31084
14743
1973
16305
1576
10031
26567
30758
22788
10027
13920
30710
4359
27144
31061
10156
18018
29123
2820
5954
11253
15689
26611
9526
27157
18478
32692
7137
5773
12961
3340
14597
28130
9632
14676
21413
12764
18280
3870
5145
20801
21552
28
29281
15588
12054
574
28346
3550
32602
2075
14447
24860
11722
22674
14066
3098
22141
2481
10539
3821
708
8917
20240
26503
16222
10771
20854
10807
25323
8407
23590
879
6307
13259
7732
1738
840
8699
9356
28493
3161
7990
17102
13550
13193
13751
32348
6994
29296
27397
12209
7643
2175
11287
19956
23778
17209
17596
6348
28737
5792
26170
5239
17173
6638
309
3094
23746
15494
30419
3659
15159
18218
25886
6150
8819
32110
4778
24988
1351
29549
15735
538
27486
27578
20760
23768
30844
20890
18453
3409
30979
9072
15503
17713
6075
24952
27682
20656
8402
21688
13072
13599
30242
16948
17051
7616
6323
24162
5810
2779
27521
5341
28368
30478
4991
30813
20002
26341
6363
28391
18152
5803
11652
28225
5405
14975
15594
23721
19546
1194
10501
27078
7416
26159
22680
29663
29813
15780
31415
19787
32024
26689
9095
30249
16600
26935
9797
7761
29563
6978
20617
906
10235
8322
27340
32765
29997
1159
8744
23785
19876
17579
16224
15769
3796
12964
20256
13971
2931
25945
8070
25875
5413
11253
14048
6839
18775
14138
10168
29052
9579
27929
26126
23529
9750
6783
484
1418
30215
30577
27392
6048
28618
12635
8685
13847
30443
28581
31299
18616
27742
1672
21032
25760
16926
19488
25367
27121
29205
17346
4064
10695
23612
5007
21488
10350
20483
30793
14291
20434
17651
11110
28407
9782
1682
28515
691
23849
22407
13915
11911
19638
20478
5848
20902
11996
31566
745
6577
12094
30937
30069
19142
8986
9268
2510
18617
32127
2185
12681
17825
21435
9017
31886
14743
1555
14789
10091
1978
24760
18158
25582
29815
18678
17179
4082
20743
19117
19452
20089
56
6661
28525
14075
14449
23902
7581
3838
9968
21382
1647
16871
22615
10799
26144
2832
2663
6304
1323
1562
19211
4778
28521
6533
2200
10206
9853
28541
30547
25341
21359
28919
28724
15792
15255
30461
11497
31865
31933
9798
1310
1770
21630
10506
4348
4117
30449
15124
21743
9027
14475
15385
23213
26857
3904
15432
23412
14295
12011
14114
24466
18099
17648
28812
30507
4518
5920
10275
28727
18517
2525
5839
11722
22547
20862
27291
1176
26196
21237
13508
16568
20325
30638
32271
14504
32091
30907
30048
4498
11082
25903
27785
6349
26807
26567
5984
22183
29007
4048
16660
15970
11481
8516
27585
8060
27497
12343
3649
15412
12758
2929
25670
10569
10863
14941
1189
23301
3562
4642
12789
890
6301
9743
6489
9740
24561
5948
29594
1071
7187
1902
15481
18290
14828
13116
29763
3261
18772
30576
8101
13526
7042
17840
31170
7722
9671
19550
3203
11211
31869
21948
9006
15797
31290
8788
19259
32341
26441
17047
22371
10572
13658
13252
6393
12144
9080
17419
17277
23571
24124
499
11887
24457
28736
15097
26977
25316
5847
19833
22096
2306
20219
20946
15924
202
11911
24262
5078
3250
23975
27935
22754
9092
17548
7832
22845
3683
16740
27642
12440
10249
31369
32390
20038
8530
8440
14483
27466
28414
14086
12664
9909
17586
12110
10412
15407
16705
30702
13356
2259
12330
17907
11805
21056
1122
13585
9651
1004
28755
3992
22353
22204
16164
21155
28658
5842
21307
17042
8135
31655
28160
9147
16417
18009
9444
27485
4242
6726
10147
31957
20303
17369
15301
18197
12505
24996
4459
22097
31453
9135
21832
11771
18008
5392
9198
32498
11518
9148
16971
3575
26077
23197
16243
24160
5438
485
25504
29968
21452
6561
4214
18342
12536
25233
30348
11253
13467
26935
17449
23477
9181
18222
12619
24695
3415
3773
3310
31711
24692
5292
12170
24589
5149
3158
30430
19548
8341
10752
12012
25167
20641
16233
3141
18120
11757
1698
7046
25467
3243
3872
18979
23715
31357
272
27747
3827
5269
10986
25772
10704
2330
3401
20481
14781
18382
22778
23497
14103
9711
4947
10450
27906
31067
21702
24469
19619
28407
21942
22972
144
8272
15752
1249
21636
11395
26622
25241
17752
22619
5312
18865
19758
31162
13628
19639
16368
12858
19632
27068
19449
15635
5765
26457
29457
21568
26335
752
3999
28893
31090
21556
14874
27348
8855
2540
8897
15288
5791
25588
13196
26865
15207
3716
3682
22810
14380
17076
15244
6311
14241
20544
7274
20939
4159
29833
30308
31641
18141
8925
10788
1129
8064
8696
27394
31613
12404
8907
2752
32228
11164
13436
11640
27295
20998
14765
31186
8707
17858
17153
6522
21598
11765
29404
7634
9181
24873
20075
7396
7597
2535
8165
6810
20065
31112
19984
4657
30100
7496
19718
13291
7375
18844
3129
11012
5549
20422
1461
32744
9020
4518
21157
27299
21159
2003
26905
10649
18194
28138
26374
12407
31942
2342
3726
17257
18318
15665
22402
21134
4192
25402
14886
10665
5696
5960
5940
18457
13922
28622
24867
29963
32655
21375
27304
25582
5321
24931
32382
32039
9010
7979
9315
7942
28458
25026
14179
27385
15544
9252
12632
29440
5931
16499
20402
23393
15361
16200
30068
17565
11527
12615
28287
4514
11714
18166
30739
24130
12302
6863
12947
14820
29701
24979
24712
31354
24354
29922
5865
15283
20134
27657
17050
24177
26939
14107
10034
7293
13272
28739
15105
1146
28132
22360
1106
29207
30878
11186
23533
22153
19900
22588
14560
25913
18770
9675
27007
30905
19190
26542
23978
17405
29218
22151
26190
9160
31194
3417
3630
9316
30606
23777
28644
3990
321
26922
11554
5841
32491
17756
27454
28074
11036
468
30958
26764
1763
24698
336
29613
17646
9039
28717
30272
28658
10566
27518
30189
20558
19797
1583
3710
21739
15307
4132
4571
870
12772
10106
25656
13169
23451
28431
26765
6518
17343
3652
4422
25726
2633
24065
26940
29522
21741
26362
10469
25823
11759
5425
11207
2015
17720
17596
23091
28086
18345
3017
23343
9370
16559
26079
8884
23799
14872
9319
12314
32274
3621
18538
4304
28140
8160
10652
31568
4201
28079
3738
5714
16817
12842
6768
16448
20439
1834
13150
27371
14265
16162
18140
24444
10535
26803
3803
32429
5703
12410
15438
20793
21047
5421
10985
31888
757
8678
552
28624
27260
8894
26516
23793
19248
1950
9794
21055
27516
26962
28572
2062
31930
25823
6499
13993
26963
16663
31989
2187
20007
4714
23500
31954
9007
20735
27976
19952
22368
5380
31150
12452
25555
27970
9840
32553
6692
1012
22447
9389
12824
1497
19198
23812
23170
32648
20329
7326
20839
9476
16054
13494
18272
14224
7146
1997
4672
32196
31503
25175
29431
481
5685
19380
29366
2658
13239
25441
6996
211
16831
7792
3825
15078
19212
31029
17113
22980
10483
28995
25002
13217
5796
23447
6330
31635
2479
27410
21683
7076
29639
31533
12672
29990
20933
29416
8557
31558
11248
21507
3977
23524
27515
19057
335
10914
10575
20490
31622
16955
23051
14464
11878
20503
31561
14740
11516
15900
9764
17289
13264
28358
10999
15833
17092
32634
6758
31784
3647
1303
24483
32630
2955
30415
20458
22424
7292
15157
21326
14569
7763
2966
2744
6717
24545
8589
5933
28438
17136
25298
26191
21019
3294
32595
10279
13253
10891
13702
21025
24924
27510
12541
21336
30754
30754
14139
24084
6350
1983
5830
27281
28475
6406
3197
22275
25186
12901
4908
18646
134
27996
20830
13114
31662
20775
6514
9951
19032
16541
12273
20221
16492
32600
19487
16280
13423
4630
1744
30978
1273
32351
11133
17569
4713
11624
8087
20210
215
30264
21531
8910
22090
4873
30055
27117
18731
1521
19788
5800
21242
12481
2916
23299
23360
9262
26534
4330
3781
27182
21303
30651
14082
20389
11139
27397
9689
28993
9101
30352
2436
4002
22403
27549
15564
28351
16022
23406
26491
17541
28425
6921
787
31425
26759
13370
6080
18495
22713
26583
17804
25907
3608
9543
28114
24281
3328
6981
4341
20057
31494
17890
13393
30445
21644
7625
25714
3909
8339
19655
10116
14891
5840
2955
29707
29283
27649
3242
32725
28117
14465
6374
31532
15342
11546
16559
3152
9027
2587
18154
7972
631
3243
10482
23847
14431
18013
26588
24998
22373
4869
30464
32304
10282
8393
29620
9035
16240
15995
2651
16741
11062
25638
11423
13837
31524
10726
31994
6499
10282
8445
4987
32717
8037
17188
32711
1004
29762
27679
11358
11471
32229
4500
1823
1126
25548
11549
4879
29241
23983
3228
18262
11865
10923
31951
24458
24727
928
548
304
16373
3288
5070
23168
18010
2793
3352
7785
19594
24284
18681
469
8788
3470
7145
7726
30478
22103
8180
23841
9790
7402
1805
20898
15514
10876
26532
8752
18739
2601
14203
26714
20205
1171
26805
10626
27186
32460
23856
19681
32487
16502
9236
13003
671
25896
13740
20788
14095
32020
8565
31092
26819
8423
25205
11079
1551
31985
19918
6424
8775
6022
20371
16767
14642
22180
27098
16904
18109
2261
10771
18230
1773
30039
2200
15815
29207
14203
26245
10554
18771
26955
7625
17295
18222
24943
22397
19022
18591
2130
7285
7370
573
2176
21525
4007
5550
24147
9574
6554
7011
2766
28265
15728
29826
28105
17836
21842
31012
2894
14874
9031
22209
16452
17687
19194
13032
10826
8909
6334
26164
18150
1216
14799
25467
3551
21161
18906
8008
2791
28033
22976
2956
14973
10460
21400
31632
11794
28280
24563
1070
15211
16406
12387
11329
15174
2952
21310
346
6976
1292
29855
25781
18166
31704
12462
9323
11371
23798
23329
13544
24490
22610
24579
7840
8620
23570
8628
29694
20091
23077
30770
25501
30360
3103
13718
15035
10138
10564
21474
27627
10265
17122
12281
28169
10954
15077
30191
1907
15595
2213
8835
22902
29666
16386
15850
16391
7713
3763
13263
22964
31564
9179
27799
19418
16286
13789
3049
5911
26249
6770
30830
4098
6300
9465
4309
20506
10410
16142
12827
13053
27689
28509
29449
13275
29400
17080
14590
16169
24997
19304
2542
19610
29901
10945
16299
21835
27973
22778
99
31293
27993
7995
8298
28425
2195
30710
20794
31951
2782
18811
16825
12656
15083
11975
5050
3837
7124
17053
19141
20335
29183
8409
6171
4248
3910
4608
10229
31833
10836
5403
21517
16662
17746
15302
24415
28263
26564
3204
7985
2576
12205
24405
13649
28980
32250
26763
16286
22981
16925
26073
8393
2111
10489
8621
18013
3478
13054
16575
4093
8556
30101
3562
15341
27784
3006
14396
31957
22404
31223
14153
7361
12741
2401
18884
20843
17585
24094
16976
9661
10011
19709
5779
7314
25858
13401
25740
28861
20348
23614
25127
5708
2285
8654
27407
24846
8572
29155
8388
29778
22472
22262
20717
24562
20950
7744
5615
3728
25167
22558
26046
26912
11752
14266
756
21414
17697
5608
1056
26433
1586
6990
25952
3433
23362
21960
22578
24693
10459
15627
17799
30048
155
27272
13849
29388
27692
2195
5375
6471
25718
15556
126
8398
18706
4509
7459
3983
27650
9070
7950
28147
1440
5238
32145
31708
9429
3147
1274
19244
28555
18044
15020
25478
18277
29812
18293
21336
9901
30369
23579
21017
18830
12502
17464
22479
30595
32238
6984
19925
271
1715
22529
15579
17839
32766
8675
7214
22029
5151
9487
9786
1654
31614
22620
22093
1422
2179
27048
29597
19266
10932
17516
19853
29695
11549
26259
3372
23585
13301
30605
16382
4015
15742
21919
0
25157
10797
3453
23782
17233
4107
28698
27303
8834
23899
15039
6459
30846
3709
1371
14755
18388
31506
27418
21547
10801
32353
8504
13292
15830
32506
28696
19348
1865
6552
17040
22378
6987
29516
16263
24716
9483
30424
8643
1403
7321
345
16892
11226
16797
16938
1845
32627
11849
20996
12620
25211
5772
17770
12751
13079
1929
15940
1809
2591
15175
16586
19837
22305
21674
20387
31531
32169
6050
4942
31153
22463
29090
4290
4668
16818
26196
13137
24543
4884
13451
11730
15402
10502
18297
30463
23039
26038
18466
25884
673
18725
25360
11482
10510
1838
5704
18298
18319
16068
7038
1077
15245
13947
17029
18652
5030
16969
20489
17852
1024
13966
13440
8388
29917
3155
12126
23530
24432
6863
12936
31434
27888
2608
6668
11152
3050
25496
3087
30489
28635
25189
5383
15445
12030
27317
21546
31472
29283
18729
19493
12593
27713
8170
11282
20770
2189
9450
9380
4337
3019
5485
7589
6806
5157
711
24483
24246
12474
23655
1510
3783
824
23316
19621
630
8109
12663
3961
3141
7834
9690
3089
377
5450
31023
15656
31027
26721
16212
25012
1757
11448
3221
1120
29639
2664
7283
5949
15378
22053
21923
30644
21198
21710
20314
28352
29023
23873
15304
346
30245
19572
23522
9524
5724
32706
24677
11689
26432
18818
23576
1268
629
5086
11089
1441
18855
9699
29882
2114
3438
16084
10069
31075
7028
31684
6590
3008
30681
15203
11953
23221
17878
29721
8907
4341
9121
12369
26517
26495
32145
9496
12222
4302
7299
5862
4264
25680
29564
187
23847
24090
28816
12654
7557
18138
21762
21314
18633
6157
22700
4539
9016
28786
7329
20912
26141
11454
12562
12192
5318
30865
12910
14410
8911
27561
16845
3959
20387
1878
23695
31003
23359
10285
22336
30876
30777
16385
32703
31346
7937
27663
10912
15344
9832
15225
12238
25953
17758
14838
6773
2647
25088
4807
4127
1088
20946
24557
13085
23354
28488
31129
1064
12585
10380
23012
1864
25350
27515
26816
12277
21626
4848
17454
22652
6571
14662
22706
18597
29526
5144
24068
3987
20766
15691
3081
13547
20003
3407
7169
1337
23511
27297
27138
32143
3853
12949
19109
6767
17235
8018
26879
3562
2178
20254
16595
8458
3731
20700
2309
17518
948
22994
8786
5172
6299
2224
24127
21276
7963
22990
12879
8425
30453
12470
11129
28683
15600
6882
13785
32380
28716
12231
3238
21992
435
12818
26212
5904
593
22065
12635
5232
25254
21013
29767
31
31097
6710
10065
12536
17487
28632
6462
17143
5692
9357
13543
5861
10490
14076
15081
30008
17464
11488
17309
22581
28468
20052
7499
8535
24716
9805
23194
15860
8274
27752
9547
32542
4190
15334
10535
10440
20200
15348
11062
31785
10070
7472
8498
16742
1362
4202
23867
5227
7712
6823
8652
31001
17454
27244
12782
31399
6381
4665
12716
23106
4320
19539
27334
4343
32243
11206
18858
10451
5133
24235
9887
12617
7144
26023
12100
21203
18465
25780
1081
17884
24715
28964
24348
12510
14281
227
21687
12744
7964
24316
1911
5794
19577
18782
24096
2419
26335
7137
4800
13155
11495
11396
11746
6941
27037
15608
16899
17015
11150
9571
31562
18261
29218
7262
22387
3018
17708
16447
6669
10625
27328
17822
20709
13404
12101
28434
31938
4186
29642
12860
12882
24254
30366
11783
18277
18030
2586
22061
24665
7065
11714
30718
29141
10908
15757
31837
2747
10791
11136
2827
31319
6299
30593
29480
9949
2231
22891
31990
10258
8564
20830
2273
31305
21805
4697
8124
23953
5123
31498
22606
13613
32128
4324
13837
31556
21883
12659
25897
7386
16443
28140
30668
20991
2527
17673
2209
17990
31996
12051
26259
9593
3209
12352
11735
24715
21752
25920
29228
16078
14502
15891
24161
3942
7029
23325
27928
3838
439
16508
7883
21946
5711
21401
20748
24940
23570
22269
6929
4106
3700
22631
21359
7776
30048
17691
8998
32514
12391
6268
18910
7557
15645
22749
30576
25070
15552
22165
24232
2155
15643
24913
25930
8513
2218
26543
5458
19718
16895
13576
13184
2320
20068
16780
7956
8237
21442
18581
24279
5012
19906
6453
32602
4124
32305
21777
9858
17324
15529
4467
68
9971
26990
3738
26798
3929
1942
31061
30503
7477
17005
27344
20215
23104
25111
6829
22794
7242
29559
30550
19184
43
10064
6290
7977
4349
11434
16471
25248
28552
2680
24032
31605
3582
15479
18174
19711
21481
5977
7091
23826
15969
14371
2045
24189
20610
724
22512
17623
26653
29767
4615
17788
19118
19290
3004
27090
32398
19792
11350
5841
17514
10612
20995
11714
17652
16383
3366
10822
18136
20540
9714
24987
242
20970
8248
18203
23742
32226
12669
23045
15632
18938
23888
8320
7429
23592
11227
21469
6969
14571
11959
8733
17722
12518
18437
10419
14141
20942
26554
3211
25616
24199
13114
21322
6480
4746
19241
25048
5084
13450
9085
17436
14473
15447
8664
8710
17688
4098
30230
1491
3429
7234
24865
22412
6368
19478
24077
12752
13377
9132
24929
29652
19320
642
8882
13480
8163
20683
9335
31676
11972
7188
28184
25250
23538
26407
11336
1045
13519
12592
11157
23611
24441
30750
24893
32295
2629
14924
30276
17058
28521
15201
2243
21547
16632
4213
6019
15420
4372
14197
19402
21967
2655
15816
5493
18721
3250
14898
19783
29878
530
7673
20865
26525
32735
8519
20659
20725
2127
20176
14033
2224
27
29364
28809
5527
11384
28839
30932
21646
19785
17743
25804
9498
10131
14061
25021
16160
5169
31040
22910
5616
26313
18599
12546
27777
16638
16517
21802
32510
9703
28905
2525
25986
25024
30575
12123
5153
6624
8033
29134
7207
6379
19746
5923
4772
11081
14541
24343
16424
8151
15385
10645
32203
16604
14208
22335
25456
22846
21152
6219
11083
6646
7137
7568
28321
29633
19288
24544
8143
14616
11499
29081
25998
7267
30134
3703
15221
24170
2222
23980
31680
16652
28292
6707
13903
4659
1229
5473
30962
25351
10335
18365
27875
16226
24318
25617
28052
31108
17464
8385
31915
24073
15757
11100
14155
25624
14803
31345
12438
11740
32729
29092
21872
27960
20555
3072
15749
182
24277
143
3469
23745
26251
5416
20175
5397
23945
5001
24547
6771
3030
5286
25277
153
2447
5696
19431
24689
26689
3768
30478
10889
2966
29478
25792
32195
30004
25510
1396
22094
2018
29170
13771
10452
1516
13878
20501
15861
20169
9759
30487
25077
8188
25141
32268
15537
23864
28012
4585
26072
9159
757
2021
2391
11565
32346
30009
12309
17672
2506
29732
225
22074
1714
14899
3497
21322
25741
25535
236
32264
23036
6327
16241
21104
13337
28320
21050
6353
12296
11225
11444
25391
4816
20516
9008
31205
29545
1634
9622
31630
27415
25502
4696
13350
8182
5965
13734
28525
24021
28884
18657
19084
12615
24139
1617
18683
14584
18561
9498
12450
8510
28736
20844
28991
32240
12498
29947
6919
30331
19395
25519
10384
30770
8681
16540
8174
25318
32162
12084
20253
25527
21085
9403
10143
29225
5468
28156
32101
9083
5048
15675
11507
18484
27045
21610
27840
2046
32503
8096
19931
28599
11493
21446
12244
9670
28941
26004
11226
14507
20921
27836
15137
15322
22369
18276
7303
9930
16241
4570
15734
10825
19531
18051
10764
28690
22160
6677
18553
30881
924
26630
25513
2886
17743
17221
18724
27769
1811
32551
32306
20077
11290
17572
20546
12264
17128
1987
17548
7505
4626
29011
10998
2059
25157
4316
22580
10241
10633
27349
19252
7042
31687
14103
16825
14672
25737
25490
70
18675
3586
12095
20797
5459
22862
29013
32584
3462
19451
24768
20216
26599
30407
28623
15276
31592
14763
4141
31669
17193
2329
29458
4023
16457
6275
6586
24914
11772
3612
18967
13570
15325
9186
15299
29508
17030
23004
4408
3323
9822
7584
28995
32529
23731
2841
21686
14689
18185
10887
23646
27861
22705
20423
17204
1227
15005
32469
16599
20414
24946
31119
28730
6946
18911
23228
3738
18063
20270
25164
9908
4642
20504
22241
31796
11297
5598
8335
19312
16861
12693
224
12630
6109
17345
3100
20387
27960
25126
18375
343
11843
4059
4714
13157
14956
31648
14487
13742
16742
30833
23335
6192
31623
25692
2758
26747
16750
29071
15538
25445
18152
1461
31935
28415
32021
9091
159
28872
24518
4749
96
21536
12842
14687
30774
21759
28330
24009
14203
25318
28177
16250
24820
12310
2544
16592
16470
16641
15937
4591
6408
4094
3658
4625
21035
6464
12484
23325
9176
25353
18237
11130
10664
22043
9403
8741
32378
31344
26530
257
17776
27690
27351
26991
17467
7373
21030
18207
29337
13484
13793
23846
8987
10401
12746
10576
10540
22529
23347
4535
8271
18127
25188
4244
14504
18480
25405
21078
11454
11551
10525
31217
17535
19298
27138
32633
2437
28861
15601
23791
4247
5733
20376
32091
31859
26807
7986
8730
7626
30506
14507
12922
21645
8323
17412
10628
5735
3912
24314
5657
16011
23158
2786
24897
2735
7798
12760
20159
26968
8782
1816
27625
32089
23829
18092
24758
31382
28585
6216
22297
16398
26276
6514
27789
21273
22667
21221
25073
8173
13385
7480
32151
9063
21468
14523
21400
25097
10063
7330
26730
20543
3048
16741
25012
4070
9122
27238
14688
9998
16605
13013
9970
5119
14933
25040
13081
25211
15185
18895
10628
9795
25629
14144
23799
32477
20153
12910
29086
2195
19411
6311
8609
24255
27635
20638
12280
4934
10486
7694
32129
16227
17341
22688
29776
4518
10790
2575
15686
32060
31035
14218
29669
28272
28586
23130
19554
10354
25718
19396
24572
12375
5611
10289
5005
26978
25815
28044
19551
18050
20471
22764
26432
13595
17328
18291
9689
9481
4607
7798
1595
20963
9907
32477
14523
12668
19418
18381
10240
11184
4729
11397
18266
32605
13184
24966
6997
30895
31996
9463
12431
23713
8079
9799
29894
11712
28701
4372
9781
11826
29129
16204
19745
17144
15392
22162
29615
7280
4499
21731
4088
18462
14891
20601
21599
4011
30328
28399
23075
18734
7883
22439
23088
31915
17061
9577
26683
729
23662
6988
25613
297
28010
8410
5407
26371
5610
18799
9320
20563
32191
27362
26739
28996
8436
1895
14260
28491
21693
3764
13596
19304
6314
14947
19179
16809
2080
2456
18374
16879
10
8163
21001
26100
19660
2920
9566
2189
29816
13885
20111
25133
28997
1811
22936
20139
28733
29977
9729
8261
26677
4893
21866
9188
7426
22004
2152
15010
25322
6685
23951
11401
13913
11425
26320
6301
31701
23357
2310
9757
31796
20419
31179
23303
28941
15038
20368
15322
13676
4437
22509
6303
28362
25202
10293
11050
16956
1827
7246
27294
27114
12864
14271
14383
16067
9038
7435
18732
2671
163
3902
29244
13701
7371
12741
14312
9727
11051
31362
18521
25067
10212
2592
16995
19043
30458
24228
28099
702
32438
5189
18597
22536
16712
10366
3690
15536
14769
29537
7079
11393
32736
19246
21361
3283
30747
1572
27096
23811
4513
20119
14257
19232
22670
32067
31641
231
24318
28128
11318
15602
16757
503
16320
3116
19071
17907
3264
14216
31123
27771
10264
14835
28989
5119
25668
21127
4221
2705
21983
1793
15210
1015
361
10869
5914
30206
5703
15424
15558
3857
23307
13119
10282
31497
12022
2366
25899
27207
17595
6835
16572
3840
31366
11949
258
1241
29501
15111
26806
22196
21766
14561
2508
5833
20745
7504
11090
15608
22647
19029
18074
16221
8907
3084
24475
6438
26960
30246
15509
13217
31715
13721
16628
26009
4858
10902
28535
31971
741
24252
22417
1588
13396
11147
29200
18230
1562
9499
12540
7898
31792
7438
18114
16367
24573
20931
26769
31220
13780
7628
4101
1066
11199
15267
3
32494
25979
29080
4324
8006
18883
14862
2005
14522
13522
15335
32125
6501
13347
10045
6113
27723
12155
19027
7045
5613
9001
29387
6100
16155
20364
28441
12994
522
471
17463
22448
28070
23057
27546
19856
21289
12896
11622
30793
4589
2950
27358
18781
21886
8876
27934
9161
31220
5215
3084
14125
2688
12504
16780
5676
3652
25984
31987
3094
5992
24499
19135
30148
18538
19652
9349
8644
17333
23362
32042
31671
14710
24954
23894
1782
1963
19773
9254
27772
8316
16612
16417
8192
10959
400
29806
24673
4375
6839
32324
5959
29292
23260
11937
23560
10721
3485
19519
7624
24594
5875
20932
14565
23292
21430
23608
31634
18
25439
23997
24001
15501
16146
26746
28743
18435
16860
9689
18234
30011
1593
19954
25502
1344
15577
13127
24641
12468
24739
14001
26084
23399
27643
14234
10907
9768
29504
21613
119
21211
18585
3915
14177
11980
3314
11008
22089
30531
21057
21557
28545
27737
13070
27366
5219
1545
818
23
11322
32650
32223
23491
12896
11484
5344
7958
8099
20130
17698
22236
749
22575
5236
4664
3365
23523
7307
20889
5200
4536
18249
25066
20988
11288
8255
30729
24798
28402
24432
8315
15802
15628
4439
22366
20355
3995
44
23710
15044
3089
16996
6252
1086
11318
4727
9196
18130
11386
21477
18990
162
13449
27003
5472
15220
28193
16594
15426
5207
32288
14106
986
26248
5090
15125
26984
7574
713
20582
10396
29381
6685
22540
29191
6576
12055
16938
26064
8243
3384
3337
9896
1416
16607
13663
6399
19632
28699
31698
8824
3605
13758
9144
32155
19565
12979
3873
30155
4321
18833
23575
8055
4719
14447
26404
24724
27789
1275
22293
23882
10511
28358
5630
7405
8522
23522
23422
31536
31354
29615
11332
14741
16737
23538
29394
17704
26929
19495
5505
1133
12716
27417
11718
16791
14474
10927
17587
1274
14875
5641
14529
29635
17709
17867
12492
1767
26160
28345
16479
11865
3480
16005
8498
13440
13699
31460
9713
30184
2716
5863
19007
16696
7231
12937
1019
29540
22494
14469
14786
9251
21411
3690
693
30372
11350
2800
4988
25212
31362
9869
31883
2276
8915
6724
7587
27169
1475
24766
29340
3907
21109
19867
7523
31762
225
12042
20799
32070
14130
11671
856
9974
7788
24133
1145
5971
27218
15069
26645
20886
6279
29829
23688
17719
10995
21652
22688
21856
24936
8101
16988
29857
13958
12011
29427
10469
9180
13252
15384
2981
29007
22928
21117
6747
5056
14787
16790
27450
24297
22073
19615
6684
3720
3530
24800
444
27328
16159
32048
5413
3004
3523
12984
28010
149
32125
8953
24472
23926
22494
7953
12009
29950
4118
19513
12090
16613
6412
29075
27583
15843
25005
21283
9718
16077
27523
15898
16601
31490
12170
10843
27736
23557
17728
5432
9478
20075
32764
31100
23571
6648
30336
2223
23418
1285
10449
2453
14971
18212
14407
32760
30284
3847
26080
423
780
8094
19161
23743
26872
18560
32640
29481
16865
15756
9284
28516
10974
4560
270
13957
32318
22954
11988
15228
27072
14380
32619
6040
13575
23493
6044
3150
19528
11806
28539
21046
25414
15171
11508
22870
17536
5123
3239
24227
8360
12185
19702
31429
29272
4236
20315
3611
18945
12499
25599
11775
5668
31037
29577
30539
15300
18448
31540
27163
4891
19184
3877
13013
7308
12291
22267
1127
473
29267
14503
26576
14230
17780
9598
9442
21213
25702
15756
10310
26436
18364
15660
2752
268
1790
26838
7604
3995
26957
27447
8426
21548
26949
22919
1422
10438
12328
21015
25211
13162
19512
26921
32185
22929
9828
22533
3907
2006
31527
8777
8462
8687
23214
9601
12360
12001
29753
18167
29661
5492
12483
13261
27712
31973
24805
26440
8296
9692
504
27503
11289
20381
24186
2005
868
32130
3506
21171
3953
12457
5783
22585
2172
27114
14831
19494
12574
2060
10164
31127
22222
22072
9147
25884
15271
24237
23960
21777
19820
21942
32700
13356
19913
12505
14816
594
20443
15954
19111
18351
12019
20672
19582
15877
25239
21277
18887
9284
21450
22771
23608
28764
6030
32461
23421
21327
12966
12012
24357
17290
19104
7740
6075
373
26643
5511
17203
19017
11814
23271
16521
11554
11089
20353
1700
13909
10088
5488
640
25859
4821
20992
8332
7918
31524
24605
1361
5772
10438
1803
14677
22362
18958
2391
19519
27763
20352
8205
13115
21857
23883
13867
26272
15667
30228
30806
721
10191
17141
3276
28769
2442
7366
1946
22394
31990
15003
28431
25215
2811
10637
25712
5104
14634
29118
17645
13198
21069
3223
22228
5824
7491
4180
22277
18486
30219
13507
31398
21196
32030
5448
14615
13233
20738
21541
29224
14280
1564
760
17546
18510
20678
29829
10372
27326
5537
23478
8935
30705
21548
23520
9284
20106
8086
28232
26716
1169
6609
16614
27096
23646
9448
29289
15931
185
16018
20347
28180
19519
14855
30021
7544
8200
19474
32054
6319
3462
7528
5632
6446
22448
22328
11748
22213
3936
24067
4656
14618
20218
11950
10246
15702
22863
4566
8798
25630
8129
6499
22862
15301
29607
7264
9866
23232
26355
9482
27431
24154
8210
1318
8868
16809
9491
1176
10026
8384
25100
24114
2835
15398
28345
32458
11178
20615
22375
14991
24881
5802
27920
27805
28713
32675
24776
13518
8141
330
11863
18387
6624
1771
6696
1412
30632
23103
18018
18805
8251
6299
9044
10698
23545
2152
16150
6220
16730
25299
14445
6588
24298
26053
22768
1895
18065
16918
6761
3834
24088
14846
7038
25752
6377
972
18321
23338
32534
17626
13796
22262
9629
14528
1025
20084
31723
22728
12121
19804
4766
6050
12843
11780
16271
1369
26535
31977
17168
28550
31572
14987
21106
20932
26543
28543
11211
10851
18453
18111
5877
1889
482
8772
30682
24469
2267
24023
21999
3118
17097
13348
31999
30300
20071
31248
6954
19789
12670
9292
45
22619
12879
19242
25060
14724
24625
8368
18957
13338
3963
3308
4430
19387
19620
25734
2938
20356
2729
28060
18704
9602
4271
9929
4612
27241
27370
1159
32194
14729
25277
6328
19569
12541
16931
22655
25972
1574
26189
29780
7991
15960
25997
30296
13352
24530
19570
6885
2307
12020
13877
5994
10323
19372
17491
17270
5942
17202
14716
22546
26464
27125
15276
14676
10850
4565
408
32305
10796
28818
28491
10899
2769
19076
26129
20395
14731
13709
19348
1673
19711
2125
3141
30954
15042
18836
7421
27729
1563
13341
16356
857
19467
8825
4243
10569
20618
30537
7029
23529
28948
21936
1139
18324
8292
15880
208
27023
20352
25300
10321
11417
26613
18934
24994
13251
15204
3619
28149
18306
3133
21651
22508
6403
5067
19197
18873
20414
10609
16834
3716
5454
28467
13929
17164
4992
10103
25163
31122
6314
6157
8591
21747
22078
7790
18009
24340
28062
22849
11327
7810
16178
2852
8189
12122
12217
6824
28521
25447
22492
21405
13737
11659
21001
19857
14243
23648
6782
7059
25781
26654
13732
10557
20390
22464
4255
26865
13277
354
20515
14178
23249
10734
393
6230
30145
18423
25122
12459
16293
28133
12491
8600
31588
8019
15809
10550
8775
5557
11447
11327
22190
14398
7462
3349
28418
19201
11493
29702
11498
6486
2297
27854
29890
8063
174
32093
6473
30603
20199
6619
3993
3451
3506
6634
8029
24228
2079
4907
25406
18516
24147
15619
11678
10680
12248
16799
9609
23805
16439
8245
12264
19382
18889
1165
30968
8830
29386
14273
12795
26590
6319
3649
22318
31345
26041
30489
4602
14917
25803
4215
2926
24965
1913
25959
17133
20565
21089
14562
15652
20478
9150
519
7999
4427
18490
32168
2653
27187
20996
30984
19265
5815
26147
14819
12874
270
29706
10159
10149
21760
2924
6690
20417
25232
17489
28916
21507
5085
28010
22758
9148
31306
29857
25091
16728
14045
15861
19238
28632
16869
23685
9916
21634
21984
25066
15563
24790
411
14282
20020
6341
9627
14250
7477
2334
24764
29956
24369
585
12312
28058
31668
27447
17962
5129
15538
16537
23860
26785
21519
5200
2269
5236
23140
8485
19231
15021
11009
18107
28768
29732
16686
449
30431
10543
31415
13420
1362
15802
25511
21285
13518
17306
28499
18815
12774
10014
17050
11115
30999
2535
29548
1711
12900
16378
24969
26772
28733
8980
3211
27615
21925
12350
2855
25347
26516
9120
1968
29333
3482
1690
26076
12288
1478
25617
30155
6266
20422
5895
22597
29751
21327
26479
30788
31196
17856
26943
15794
17974
4866
20934
23923
31788
19890
14144
27302
8434
27266
28328
3368
2176
19164
31693
346
26179
23241
18344
17701
22034
17938
4333
5691
29027
2213
19168
9631
17599
24121
24170
9319
14707
21813
364
3521
18313
2254
6227
21044
1014
18032
21997
18472
24341
8800
3451
1449
10068
16287
27399
1896
9262
20241
1527
18690
23897
2526
483
12933
25152
11033
12708
32561
9651
11424
28845
379
16861
19267
9887
26712
14455
5672
10519
27063
828
3437
28618
30287
2205
5136
20181
23196
18613
14604
11086
28964
22143
7109
24095
18943
28999
28582
14612
27542
21086
25353
25138
4267
786
27991
31051
1946
20189
18544
15311
5854
9693
6477
6885
2774
900
3044
30650
20681
11665
26187
31257
17193
24383
22305
13629
2836
13500
810
3811
15136
27356
5689
7331
1880
18191
23379
27519
16002
15249
8209
26045
26788
7136
26438
19186
11974
30067
12002
28256
28664
24745
19734
12161
10135
24064
10425
24804
2253
4999
20715
4408
29527
32406
14328
27303
9611
28092
5503
7269
20377
22265
13267
648
27665
24109
11425
26
421
8145
22739
16236
12849
5093
30645
19630
15096
7465
20822
16061
18992
6288
22578
25148
19906
242
3597
6886
8011
31489
12322
28450
12646
23934
28285
29144
8749
2477
12966
32388
22269
10246
14719
31625
1402
7469
1135
5831
19923
19236
26048
12399
19016
29376
11334
26646
14313
18777
12866
9
7328
5830
21381
2785
3697
28552
3801
5975
1
24390
22172
20057
13909
6010
21678
14173
19421
30313
9614
5877
25777
31320
20159
7075
30746
29949
29809
19695
21332
4916
4701
28856
14738
3315
15345
23240
17731
4480
10157
23211
28308
17377
2509
15296
23350
23445
552
2960
23393
15745
8536
6751
14361
8493
18715
27137
14000
5680
27641
32495
30092
32233
28711
18330
1578
19824
14764
3583
26723
11212
8130
10108
19182
16487
20863
22242
13607
17855
28084
5323
32270
13405
21014
12846
13459
6667
26011
2352
23825
28994
25127
12349
10264
3298
24936
25432
1647
27685
12542
6063
15961
2774
12768
28019
26136
446
18171
29670
26544
2912
5916
29622
29165
16614
9743
13193
31399
9050
2313
27353
13893
17689
14915
22274
10368
10117
20456
9881
12906
8443
6705
12032
16814
24325
27854
8247
1305
22736
6025
10997
19033
17888
21030
19704
26885
27906
8077
14233
24286
24450
27691
1187
341
29855
27541
11621
26701
6460
31086
30726
30241
18392
396
20249
8425
15552
13142
14193
24825
14979
1136
22583
26795
29351
18075
18745
2399
26266
21718
7045
27071
21739
7113
20535
29000
1722
356
12687
3334
4462
28612
16967
12702
24742
1878
14115
16018
7281
15422
11977
9921
16321
25338
7123
557
29469
28738
5411
27905
32663
28723
118
22483
28158
30893
19260
11558
9812
6906
9640
28723
9090
6320
29699
14569
3915
24536
27205
12594
23167
4687
1510
30584
9585
7277
23026
2664
3242
7909
24924
8693
11743
12268
19348
6560
31009
14238
30555
20471
8788
27549
4055
8028
18146
11771
32738
21512
7089
21338
12200
17232
14162
5201
16497
26662
19579
11794
15035
10466
26807
30282
25228
10819
2908
26185
9734
21424
10429
24931
23100
26820
28066
14998
14916
23562
22261
15725
23694
16133
29118
15907
4723
29556
22354
29964
26129
467
14790
10545
10839
14629
5290
28218
20828
31729
22004
31122
31989
24203
4923
21189
32134
31380
7974
25389
13080
7108
4899
10445
1196
10727
8540
4221
25039
29734
17127
15176
623
16776
5692
13074
22765
19129
493
21117
27251
265
28561
25614
392
18103
13057
15500
28386
31856
29128
21673
19579
2067
7892
9701
30439
14519
24178
20142
12516
11247
26233
16844
9523
6221
11972
1276
15014
8484
1510
17115
28283
6034
24090
13318
10472
19646
26233
9088
16375
22879
17520
4692
7316
32382
368
15995
13796
892
231
4351
22233
13654
4720
14177
25092
27432
29766
27705
1962
13296
23039
13084
8729
4501
19319
3010
11324
25896
28682
24680
1646
28777
6662
13172
32140
4237
9823
20568
18510
5694
1189
952
28375
24292
31540
7887
20618
4899
31659
18959
15392
11940
7071
27399
19959
13593
1424
8586
2221
14459
30235
8206
23534
5270
6514
25426
3466
968
23818
3396
14539
28934
2451
26401
22533
11039
14637
20190
3182
23877
32217
5063
6192
28873
19501
1638
16061
15398
32333
16294
32611
9025
790
25400
24096
3311
3484
24886
11959
20920
22743
31494
5635
2011
21401
3970
13708
20625
18627
29269
13656
2710
22457
21160
8196
3558
20755
29951
17683
21700
19350
17501
5509
13825
1378
32431
11947
5243
25964
103
1851
10212
12591
29544
29344
17093
19103
25890
28307
14786
2655
2046
28399
20511
2611
9212
7105
19843
29624
31386
13727
8444
10067
8697
5180
13636
20327
6971
29497
23107
13259
10287
317
26580
24955
9264
25927
32204
31373
25674
11843
1337
16999
25247
24796
22247
14896
14601
6034
11049
24964
12033
26892
14037
28524
24256
2223
6545
6029
13731
21871
333
12191
21460
19173
10001
18721
3879
2210
2297
4939
7490
25540
1406
6469
10497
14023
15350
12438
22297
25501
22110
11231
32251
15360
8280
9673
5371
17415
3952
30780
7857
759
8355
13266
4767
22108
12066
11147
2581
31577
10323
26818
13394
16957
16665
7007
21996
8278
4181
23119
22386
5130
12973
18481
10063
3875
23436
28754
29425
23403
30569
28636
31531
11641
17229
16202
2008
22986
32143
12319
16066
24596
5090
29400
25026
16598
29331
14623
14376
20788
22795
18497
10076
258
22427
4066
16070
18207
23161
6384
15084
10244
26117
24789
17370
2716
26705
29937
27335
20311
17377
25159
10997
23930
30639
19830
29145
6841
2162
18156
29308
263
3872
12118
18465
18093
4274
16474
11304
19609
807
3465
17202
18169
9163
4495
17798
21513
697
7085
1716
29993
26527
12650
8312
7731
29633
14469
17632
20235
9537
32045
31665
27512
8093
26740
20232
17714
23929
31490
11069
3132
12191
24582
30220
6515
11588
11379
8439
18280
31117
7784
15078
19819
593
28911
17681
20712
7201
6123
20255
8439
8069
30796
7823
20526
27529
28805
25944
8377
29048
17728
19404
30381
11752
18000
20930
17562
13046
16359
19188
9824
10195
3081
31398
7747
24960
22592
4745
10305
30933
29586
6366
6050
456
14512
31198
29394
18412
26736
18522
16748
13368
2173
29087
151
16394
6733
26780
12693
6507
15956
3143
13977
23701
6008
19772
29145
1715
708
22183
23269
1511
30560
15973
32311
2705
8897
102
6923
32207
5405
18774
21361
16704
4642
21628
8864
7182
23015
24802
3469
31019
32291
438
16828
23258
6045
19952
5718
10098
28643
13109
9085
13150
29503
28667
25564
11369
32487
30959
5250
19001
24436
19859
18160
26648
5013
44
22896
27643
9989
29915
18857
7868
14778
7178
5489
22955
1888
11273
7650
11589
773
7673
16560
25923
23318
29162
7097
3543
31114
32320
11998
24114
21597
20059
20498
11337
8768
21623
9648
19929
18319
29392
6930
2728
3971
8202
863
1039
1449
10961
24228
13749
914
24765
29991
29597
18124
7288
15608
2403
8978
32546
15816
24258
9408
22772
26366
17754
14218
1316
3080
21424
9580
15625
31471
29047
484
9856
24879
30990
21856
8590
29381
4681
7410
6471
1929
10868
29259
23534
8894
11669
28647
15965
6376
25842
9605
3751
18397
7891
12506
6653
5407
905
20102
18894
9833
15279
30535
7218
2184
19376
23917
31625
14444
18570
24206
14687
17023
18897
15738
12436
27702
15606
14449
21177
7141
32201
20372
9404
29399
22589
20378
28360
19870
22379
29892
9063
7848
1498
14867
16874
22291
766
10424
14346
20930
4606
15308
1743
29873
1467
11329
11953
31877
11789
14617
9982
9832
10831
16341
25723
11283
17695
14641
13134
17964
15711
28174
26651
10451
8319
30896
11374
11896
6655
26153
27225
9455
23599
3093
7006
28870
1594
26248
32398
31446
11106
4677
31219
7192
24461
14129
11052
31674
27905
30471
27479
4978
5996
13388
18996
19987
4135
17798
17542
29790
32699
26793
14781
23578
18597
2770
25811
3431
26454
14391
23668
21071
4990
18526
24161
25758
1674
6798
27158
11763
2923
30340
28331
19992
15258
25958
4088
23439
3417
5885
18172
4717
5947
10014
24960
25964
11494
22377
9463
9531
14616
4407
6313
12824
30952
17357
15120
27553
31823
29398
9858
21223
4070
2320
26897
4805
29681
17221
5040
25200
1181
18301
17559
30286
14214
15474
12520
29452
4732
30020
29074
5867
32647
1390
6005
3418
8744
20729
19144
8394
4578
27887
31160
16062
7673
25619
23122
545
32378
13263
17315
14301
5755
5486
8734
4521
11172
26507
2878
31522
14063
19401
13420
17694
12971
19653
20770
6973
2503
8265
7249
30657
3149
22979
4352
2463
3373
8437
5686
16597
3388
16621
8731
29951
6012
9016
6234
23077
12958
2899
26569
14296
3013
9826
11084
5757
16013
17188
20983
22248
24140
17959
4722
26669
9368
11832
11682
4018
26889
15646
17541
30601
17983
6280
17758
30461
4135
30531
13331
18795
32635
11952
20947
10068
13960
13430
26619
30127
820
26740
14907
32644
575
15098
25589
28086
1993
824
9445
28961
28949
6646
24839
21220
17292
3206
22453
24320
15621
31735
22032
23843
14659
31884
26786
3006
4287
2412
20546
20829
21672
24731
15927
6200
3113
23337
7072
2053
22250
5546
24595
4625
6361
31974
15236
911
4906
4817
5992
4656
3740
32701
13083
5876
31487
17358
24447
27455
10227
7342
7655
7215
31474
29571
9779
26669
18065
26398
6204
15042
9986
18037
23666
6828
2014
3924
30659
15922
14113
17743
22207
14772
10615
13563
21498
31878
21430
30558
32178
4095
15787
18851
24242
19660
12825
3346
20086
31370
12287
832
3216
3477
282
6787
11083
30490
6571
24233
3469
15220
9594
25066
31746
17077
26139
12826
5494
6018
18032
11812
7811
2085
18287
20403
29805
24029
10789
15666
10058
7800
31483
14327
32614
3108
25145
15035
29157
22403
24008
23630
18602
14333
18492
19080
376
24154
20754
29059
10327
30096
18997
8967
12602
9689
28359
21062
5342
19977
1823
14282
13557
26399
3598
29099
19332
17946
15207
29701
27018
12302
6078
23977
18658
29814
32111
1299
30058
460
10979
20893
4453
10327
18958
13554
14622
32581
4412
22724
18895
8185
24846
21698
4032
11174
959
196
8115
20253
29100
14153
24448
14563
16148
7204
509
13703
5916
15218
31264
26162
26646
5327
10600
17792
9474
26314
19832
28302
16469
20118
28934
23125
17402
4098
25587
1846
10903
6570
32443
16085
24081
6511
13584
28203
32594
13606
15298
17367
23370
15245
17890
2229
12595
24963
7463
26290
11802
24440
6544
4575
16795
802
15435
1988
12268
2417
29142
22774
1309
21702
16228
12524
19869
21344
24450
4110
14337
10774
4602
27663
1025
30540
8952
10877
25283
16928
28011
10646
11357
27108
23726
19294
3733
10705
12648
14062
6378
1273
3505
17423
18905
11902
3190
17671
345
16898
26654
8883
31912
24670
29805
32470
16201
1175
28585
20657
3406
9486
28412
12244
23251
29942
27162
16691
21707
23051
10787
31356
26367
27265
8139
12200
25427
1851
25784
7889
11851
26174
27692
28227
5327
8549
9955
20693
12075
7510
7743
17530
30042
23732
19106
7955
26756
5015
10523
23943
30149
3897
21574
26902
30256
17906
9325
18154
28692
9062
6899
26095
32125
25853
7411
32485
31742
6803
16676
15028
27054
8049
13568
4863
4977
8060
32037
8443
30841
31917
5371
20098
1804
10433
12695
7523
5767
18226
11231
30973
17059
11109
21999
17932
3063
1829
16316
9410
25022
23888
12023
6426
30939
3280
20021
3433
5146
1997
22348
25397
8633
2849
15616
1611
21031
27149
6111
13836
3083
16938
23145
30984
24968
11170
4212
28366
27327
14751
11727
29697
10646
24324
12326
19631
23224
2908
6181
18655
22494
5135
32224
5993
28492
15836
17523
15115
21662
31363
12517
21944
3780
11970
26707
15923
1868
5251
6474
5085
7903
3412
21620
17612
27407
30999
22647
14876
336
25851
21786
7818
29507
9899
27050
29502
24635
14277
25244
26345
16378
25997
31347
8976
19131
10467
8676
936
8822
14962
4920
27874
8543
14123
13555
13128
29103
26866
4019
18953
21160
1942
23386
11153
11987
1543
26479
12381
26509
16323
25282
18446
31169
6802
17999
18620
24567
28787
26469
18572
21902
21974
29960
13701
24389
4107
25747
8095
15617
20475
4514
26909
10442
1302
5422
20765
1814
23692
6138
3182
27722
16576
9262
24737
7038
27898
14914
30051
25216
26971
11550
20490
30492
791
2432
11629
14747
5342
3229
11769
138
13211
28171
2049
20925
4961
222
13398
11411
14498
28690
18712
18810
18851
6697
30411
29366
5164
20500
23469
23135
7044
31575
8519
4521
17053
28521
6211
1385
26251
27225
18045
9172
32058
2231
7005
3977
3169
12466
15971
978
3250
14462
11267
20006
3412
19449
5300
243
11154
21901
12868
17307
13013
28248
1902
25532
30927
6538
15790
2997
18938
20239
5460
16998
31297
6511
7128
6199
28156
19186
7277
9563
12066
3591
32472
15702
25274
21734
2179
31676
12947
27765
13261
3644
32565
13928
4517
24542
28183
20141
26967
2441
10259
8199
2725
11208
23574
11257
1562
5581
23068
2533
16283
23991
23132
24949
3903
19984
17599
25658
25697
19610
3223
2707
7923
7755
29838
6097
4884
11414
20188
10648
27365
12268
3518
22152
23193
25475
14371
8221
23244
9814
5800
15316
23830
11629
11462
30608
11999
11102
21066
15675
32373
4372
262
31152
13915
19407
10951
27353
8933
9324
11143
6420
5633
9191
11235
32732
32088
8478
1999
10661
7830
23511
3464
17159
28165
18693
10442
26911
13153
29767
20036
14131
28904
6834
15177
22420
16560
25296
24008
7113
7229
21992
30846
24553
16979
32384
22378
15689
12041
20513
10369
20567
23071
15450
19620
5574
12177
6407
13519
8940
30316
15316
8083
15720
6625
28412
19142
5639
2200
9047
28025
10985
7751
915
3626
5343
19330
19649
2363
17432
28629
4116
23459
28669
6672
16870
1508
15961
8930
14844
6973
26045
21929
2315
20768
20259
7049
18299
8934
31441
23739
16746
24002
11392
3112
9204
10483
8894
4407
4018
24126
23953
995
13440
18076
14429
28432
23172
3888
23303
3359
31852
2683
