26069
32281
29442
4378
24204
25717
6057
16431
3435
27077
32573
6962
24170
2793
12453
21687
9185
21169
17930
11927
10070
30551
9286
9106
15507
29005
18073
21561
2812
28473
29342
15116
288
19263
26750
27615
9870
25982
25444
25218
16362
2013
32305
9376
31040
14087
20592
15080
2711
5300
22412
17771
2762
14123
64
12101
25747
6660
25680
17792
8681
3123
4215
13621
396
16194
26272
13556
2782
23518
28761
23910
5108
16277
13700
30001
28141
18398
27471
13340
11138
20058
3943
16756
13791
14937
17257
29102
9137
19360
31898
1869
1665
618
23511
31495
8768
18604
16847
3875
17187
16541
29551
12837
9649
23670
25246
29869
9498
9078
28459
5789
9162
18474
13315
28538
25150
29675
13480
13845
14358
27560
32478
27498
25452
29158
5288
27848
25189
2564
12914
28978
2821
196
17808
30214
21832
24071
9959
24284
2926
9176
28138
19633
21654
32428
28617
28741
19854
19176
16100
23489
9194
5028
16006
6045
26451
28335
7888
32449
1314
22995
21747
9706
8750
32090
25507
21072
18145
30672
1992
17286
4498
5899
7542
21665
25358
8809
20767
14492
14712
6745
28935
22011
11604
4381
29433
1455
17630
206
569
14650
4512
17056
10681
19475
19523
2919
28303
1100
25254
4442
28327
1650
11309
16151
22453
16565
14428
6120
19054
4424
27556
12613
32248
11275
24188
26010
14239
872
12980
9290
27337
14458
21254
755
5420
22133
20719
29684
11070
23874
21693
17964
10477
24425
21480
20997
6801
14132
421
30641
12831
5906
11705
21172
15519
31033
1419
18083
3040
12943
27518
18731
10346
11467
22653
3412
24500
3031
31704
29703
663
17017
3406
26063
26627
23091
1387
31196
2033
29288
12308
3661
17048
15039
19808
13743
10212
27853
13481
7616
21284
2286
11747
21369
12035
23155
29997
2124
13753
1795
7334
15531
386
11579
16514
29641
16719
22168
16733
21668
26044
16535
30926
23619
6723
16666
7232
1340
24239
18958
16893
2170
21715
20555
15500
6973
5755
6587
16445
20066
10147
14015
1794
29413
22759
10958
26240
10148
11835
2144
3174
29798
7644
1034
21758
5659
15239
17130
28674
24678
9192
26693
18352
22616
15445
9839
24096
27775
6844
22251
5334
28191
10714
24020
4756
12223
23982
23675
15217
27879
3118
30546
28463
24361
15928
13065
458
9310
3275
11510
8781
23090
24183
12986
9193
4835
6418
32034
23880
1861
7085
4683
4639
10762
5318
4874
6915
64
2240
30602
16253
25371
7312
32567
30304
3829
30904
22491
90
9107
22649
16391
4298
31146
6468
10421
30929
29089
24179
6699
2220
8089
7478
24611
6977
30891
9424
16680
32759
25968
30467
17731
14027
24007
1224
20439
12961
29138
9028
4298
5591
25666
19704
4325
7456
14805
824
23934
11408
25116
25566
5972
13043
23938
18239
26810
22371
1162
31326
9976
9498
21592
26976
8942
10628
25715
20032
27898
14488
27081
14276
4124
19305
27380
31920
2136
11512
2491
28473
30812
26957
1500
25788
25187
12998
23817
26032
26713
12718
11312
6618
22336
29201
13823
17599
466
25551
12968
26207
11880
8432
19681
21536
7194
28215
28719
24073
25384
10746
19557
21552
13465
7473
12903
118
15649
25292
11828
26737
12104
22858
548
27562
14537
21127
26478
4617
26424
30165
14316
7821
16360
2127
25891
14912
3852
3946
24702
19307
12828
461
22746
19718
24955
31331
28999
14962
15702
8622
21773
25451
8655
16734
19694
15416
1627
13858
14763
32292
27752
13246
6090
11314
8516
3934
28821
20493
22330
1065
23654
830
23038
9754
31266
6305
25163
30475
4
31258
19658
21011
18844
3716
14390
8466
1815
15338
20158
4234
29120
23034
16042
13745
10695
10422
9794
23236
8513
8045
30443
26013
14449
10218
5012
3208
28486
6635
11856
19795
20516
2773
10564
23204
30696
17829
32452
29583
24358
32554
29881
22888
18612
6770
8006
22486
31085
4482
30379
4905
7471
22089
1129
4334
32038
16343
27559
11968
27469
22475
20692
31585
1841
7178
25742
9737
16377
2231
5570
30717
14243
32351
12053
3172
27536
22643
25475
14934
17987
18428
3654
25911
32358
18058
10746
10051
26381
13677
17150
2665
5439
32040
26909
17245
32435
16675
25710
8937
30167
31648
12664
12676
10006
5616
2202
10533
31579
20711
29867
16729
977
4493
15581
404
21230
26134
9703
3524
26287
22293
20067
8492
2085
22764
10868
11120
17456
29063
25261
17388
24971
26186
6702
26442
30728
1607
24592
13140
3357
25781
20484
5382
22944
6045
9782
7400
7375
20183
19064
28059
8339
22325
5788
30897
21254
24062
23585
32194
6450
2206
27923
32699
16156
13467
11308
9338
10497
29643
26687
12952
10719
6341
1751
8582
9015
26517
16923
28636
21009
16052
32244
13293
27970
19511
30834
6815
30954
9030
22892
18554
29504
17872
25959
20734
16018
30333
22457
14394
27783
26340
10223
12954
20136
5631
15979
5889
28702
29403
23634
14103
23741
6036
15013
4581
22850
12417
9389
5279
28889
25516
4509
24000
31715
19589
371
13916
1013
24535
8479
13746
10532
19450
31207
17154
27776
10571
12298
27038
990
3801
5283
13122
6875
24417
3793
31912
9501
25213
8213
30808
9692
32280
2043
21438
4257
9253
19197
12926
10062
18576
8356
29708
31071
29557
3312
30583
26735
17297
10490
20869
22014
29942
24280
10501
24177
16386
7361
11617
17754
9361
17265
23411
30458
30066
21455
1177
17157
14360
8142
19468
13476
11410
657
3693
11200
4542
25554
26529
7038
31161
2692
19167
4614
17049
695
24839
28041
1887
6845
8502
25218
7463
15243
22423
14140
28834
8289
3708
22676
22470
12718
3501
11264
11204
1838
25599
17104
16187
21845
12073
21172
1195
18928
5588
6015
31020
7178
10225
554
10080
21260
6479
22812
22182
2345
2669
11688
14992
11513
21389
19160
13976
1636
1545
361
2574
706
6122
29974
30805
3136
28087
20250
16719
28806
13963
31216
32278
6807
20074
19037
13805
9208
6869
14768
16246
276
5532
5449
16933
19679
31220
18264
27636
30650
18377
7399
12120
23959
4438
11547
7540
1885
18162
17846
12429
7054
29997
225
6847
16935
10523
26665
27886
32711
28400
18631
10751
19476
7885
7460
6727
26458
27610
12188
29507
13174
27029
23170
10122
5107
31594
2405
29441
6514
25219
24466
30542
31823
24033
10202
31887
10881
4268
29078
10827
27842
8903
32488
19624
26353
20392
26691
31199
30644
22375
6445
11246
15201
1556
2627
8845
13855
17742
23678
8546
26952
27665
14774
24184
22546
16592
7780
13550
16239
25028
28844
28652
1329
1923
2203
16859
8818
21972
3501
15318
3379
11970
19858
22875
25923
15343
28721
29767
26723
8747
11502
13569
29095
4933
25896
21237
2079
12833
18438
14660
16567
32011
25460
25529
30556
12875
18024
2048
9056
25338
6250
24338
19232
10260
19027
8948
23268
11726
17493
5281
25350
2345
13627
7749
343
3015
26354
26027
31166
2557
15433
25337
16930
18219
15349
20379
1418
31816
19672
381
25219
11457
1923
1661
26819
15748
16633
5152
6667
599
12981
8067
29266
13679
25583
12693
15135
3390
14364
19332
11831
25740
18100
28533
11128
10441
24631
8568
1541
674
25714
29883
11427
27858
19967
30974
12643
11579
5899
7238
29826
25653
23387
21718
30349
9766
23441
10075
5576
21331
17836
23911
15057
8693
26319
32
14465
3728
10819
27450
25363
9856
2494
3106
8840
24788
21222
8572
1097
31072
26129
3792
4111
526
21071
6272
25600
7797
29354
7166
23579
7597
28844
6203
18645
26209
20514
6755
30980
26917
26656
25287
6909
3338
27973
22043
14585
19056
28992
3809
21694
26652
31635
8997
26235
3723
8087
29291
17139
9605
13249
4070
11485
12277
3619
7402
5515
6647
27190
10148
20683
11571
23510
25097
16395
8042
29582
17676
14528
28494
30742
29716
10760
919
22810
29869
17805
16467
16189
3709
12205
1661
23902
26491
31449
20946
26394
12379
29243
26848
20626
30028
30620
21344
15214
26342
30852
2757
13602
12126
16035
6421
10863
10237
8047
6648
13357
720
20239
21007
8521
15520
23160
20614
25098
27428
3286
20205
14488
15222
17453
17219
21182
13508
31040
22612
12527
4936
32434
16454
32391
20346
15211
5486
16212
9604
25661
15720
30293
12534
30919
614
10689
28859
1946
22216
26699
18252
32155
30445
13221
19235
1193
23881
29763
31603
13695
15544
23137
11542
8411
29970
20551
17350
29664
13824
25036
2961
15288
17422
15641
18055
3199
5121
12463
17078
3932
12394
19116
3160
15345
7547
32073
4170
16630
12058
27816
17088
24608
1332
18893
7736
16712
8788
24298
3756
201
20596
12511
7436
32042
18451
23041
28395
10237
19847
538
28281
24070
14485
6066
11953
2720
6719
11917
24531
6749
29917
10101
26645
237
14959
1338
29845
22081
1330
4854
5779
20207
15985
16277
16605
5081
10142
21141
14730
15626
31137
24075
21483
29664
3696
4583
1727
112
18656
21624
12966
17958
11963
17459
11481
29612
26898
1712
25111
27149
7892
2293
9699
7963
23968
5367
492
32526
1240
24670
6605
4461
26359
30857
30454
25906
5412
12242
20714
2089
2311
28691
9644
3481
8411
5737
13939
26662
8644
15415
15525
6902
13411
4462
27395
1555
4008
11276
3873
21008
17896
28899
26394
16112
26672
31132
32641
23107
29656
7163
11675
24722
15963
30309
31179
19965
21350
9631
3661
25123
31022
2008
32295
6978
20231
12522
30813
27807
14899
29661
15205
13353
5367
9644
23770
13145
21492
32076
14709
3932
5557
13547
8504
7284
20613
20598
5100
30876
4739
11613
8654
14699
2040
16282
17542
12602
15335
8176
17496
3977
18150
20336
32158
24735
24621
21570
6774
12401
1261
5026
5304
21701
10723
3369
5163
8855
11052
23374
31992
4796
28251
7468
16990
6597
27337
11654
20904
14118
3116
19208
10588
32664
9067
5583
28854
9915
22961
1580
9044
19456
22977
16549
9523
3782
9097
27453
21210
11715
15865
26614
25045
13734
15125
6291
9573
762
16969
4002
2934
6990
5373
21178
26065
8595
16746
4610
21395
27077
30636
30962
24286
28622
13592
31838
8910
13735
14799
18864
3503
19648
31891
15221
4973
3746
4314
30491
25675
18643
13089
6136
31704
24569
28547
2959
7200
11843
5770
783
2335
8453
29765
7709
6267
22946
32155
13011
26994
21935
26590
22281
22800
25173
24228
3795
1702
24311
19410
17482
31865
4885
26105
27792
20663
7025
30950
32270
21167
12912
7284
7168
6208
22466
19877
6964
32658
6981
7665
17422
30981
3879
27870
30160
11623
9548
24529
3864
21610
31727
3108
16299
20309
23947
1912
10096
23545
30716
21069
26304
29671
3809
20688
989
11232
11590
17907
18879
10125
6784
1219
1047
30064
5719
19447
15502
26395
8299
32708
23885
14752
20176
13817
23747
8776
30716
18503
22178
5000
13283
24800
13867
20016
30816
13637
21932
4838
21719
25432
14151
2003
4377
9401
15092
9884
13191
19535
30153
18068
12923
16933
3706
5936
21731
29048
17180
7867
1583
23822
31790
4426
8558
19913
4313
5107
30643
20347
8311
16442
5566
28668
9555
31692
3288
29818
9391
30832
17151
30993
8204
28730
3651
11931
11173
29185
8048
10954
20029
21012
32749
32372
3610
4905
9956
1581
20306
23446
27043
10523
26437
19140
19267
31238
2411
17120
28551
28335
29008
31443
13574
8547
28124
27765
14989
20687
12760
29437
21439
4630
3502
11709
12542
26913
30320
31500
16015
15159
32284
8067
32504
20429
8479
28012
25773
21407
3351
119
28396
4607
17629
25007
3558
22637
17859
10157
4639
14441
4634
26379
11031
7045
17656
1820
14634
23998
4920
20186
30389
25100
24001
15904
15482
21816
14604
1818
25926
4846
3552
15353
5329
24851
14176
1259
26085
30040
16968
29258
17346
30992
12660
16147
29378
32575
27554
6043
3129
8435
13944
14461
29087
13271
25289
31191
31473
20229
3604
6838
25684
4636
7501
24782
16124
25234
21728
24687
26956
4940
12788
180
21054
10860
26860
4094
3078
14699
11572
31904
29170
31591
9786
1500
26005
11710
13754
30991
26404
22235
29503
20264
3360
28496
231
15966
7989
8485
7526
5155
22627
4464
5965
27475
5211
26662
1421
4786
27692
2609
26934
14229
1566
14787
7301
10463
7390
4329
13086
17967
476
2659
12182
28504
7922
3251
12852
2066
15174
11124
1273
25583
1905
4845
10461
11920
13537
20966
18524
9240
7291
30138
13105
11745
14469
11438
18274
14190
30148
25217
27516
20385
8161
2885
32288
27182
27922
4205
24254
21840
27894
5158
29601
14267
24256
32491
20780
10961
12951
2899
26211
17688
14909
17454
21165
10476
19695
10449
18647
27505
25229
27566
9053
26572
27131
32552
3557
21139
24263
25765
26637
8577
25100
29156
17766
7023
23190
145
11968
9343
24646
15382
2217
6811
30392
437
17200
22046
23332
1747
14063
8912
27010
14743
21320
17688
23794
4020
494
24429
28506
14211
25511
19470
7249
24405
19025
16115
2876
1799
5155
17411
25782
4055
19510
28039
5942
32373
13380
18143
20203
9054
7087
24435
9451
7525
10181
493
18829
27282
28994
27558
11795
31536
6934
6237
29069
31522
18025
30255
5370
17782
2013
5571
15023
13885
16915
10950
29949
20121
2416
28823
26638
24343
29985
18243
17168
11327
348
7347
21653
16746
26345
30244
15930
26068
3042
11736
2951
26610
29111
14603
12311
13062
17524
2601
12537
25328
28487
25406
32085
19015
23101
11438
14931
7848
13644
9254
1592
16206
29846
30674
30419
18915
25068
8657
22295
29078
26513
6118
26633
19566
30785
9072
10461
2782
14450
30108
27227
19865
19674
19417
12680
3495
29233
14476
11651
19129
16952
25605
17581
29626
18938
22962
32012
15782
21842
13715
17394
23711
5037
17902
22745
21310
31249
30020
24466
19495
1631
4227
23967
12768
18389
15741
9949
30947
20694
13721
32102
20465
30190
6345
26805
10922
32273
27836
2059
23131
10275
7252
25618
10519
10686
2906
960
11017
2863
4721
18559
14856
1217
30536
21899
20332
16703
13588
1691
12320
10676
10558
14787
7929
7797
30808
28825
2374
16737
16214
3223
25001
13672
25851
10944
7461
30538
8081
25222
1655
13217
733
27628
23466
15906
10834
28904
27110
3616
21381
3595
7049
25681
31969
18019
11384
32213
23708
28321
30904
30836
17385
21367
6456
19496
17008
8004
17137
32219
7675
17139
7217
28529
29298
26144
31796
28937
3593
8829
18677
30592
23992
3701
26435
7223
32236
23311
28951
18967
17276
2324
9765
15314
20702
31092
19121
12139
2971
23782
26788
29432
1536
18127
9951
11943
12566
26469
10959
4095
27349
12564
14402
14952
15509
27937
889
8430
24005
909
27006
11586
20191
31292
696
22529
8347
28502
17340
5689
15204
4846
8294
16426
15112
25569
25897
21833
12979
13313
15011
16779
27934
14195
1908
2015
32004
9046
9297
30204
12758
8101
5716
17758
17583
4191
17302
19851
20874
31205
22016
11163
28851
1187
16478
759
1147
25586
6581
15201
3888
9277
17111
24629
9548
9315
2612
1262
20461
15965
16883
21227
29573
25377
31810
9332
3795
11718
25066
20728
26130
12776
22310
3736
28272
2382
25269
3306
3521
25802
2862
11510
629
9313
7828
31365
1991
15020
6186
19100
2616
24446
6280
9027
60
21960
9199
20618
15155
18617
6874
19150
17562
1065
8405
21049
7043
3127
26002
25480
26178
22577
1082
27153
27754
13493
27905
21252
27896
4374
3325
26097
9421
15361
10296
1674
6498
21345
6660
17323
31671
27519
28558
22423
14220
12654
4278
32133
724
3238
27422
16475
359
1007
21377
9913
20727
27009
4423
24633
4421
4713
18518
22517
15508
7470
13610
20554
25694
2997
28456
27612
9799
13410
9519
18394
27983
20096
2161
2948
21323
7651
22913
4330
13974
459
19372
2806
22532
27404
12941
19628
5399
32108
11740
5553
4726
24653
18311
2058
27290
652
14340
11047
13515
21928
17637
8224
30795
17447
28077
27454
24529
26421
23266
30397
16696
16271
17251
13008
19833
30111
15356
30438
31959
25832
9528
2092
2905
30373
11126
26963
6525
4013
3391
22419
17707
5530
7127
6384
20200
20266
10770
32700
8012
9190
23913
18269
16566
32513
5453
11856
8510
22914
23740
29038
12523
12198
6673
3182
12327
25983
28960
25516
17007
24290
2946
15144
6479
20096
15150
7890
19342
83
11081
8197
11430
9020
4928
3153
14454
21994
8211
381
26427
31485
2036
716
32189
6251
31760
29568
11718
17955
27821
6813
6872
28657
21365
5103
5919
28322
30737
21070
11429
15464
25338
5921
18117
18560
29324
801
4066
11793
18013
9312
22361
21080
29900
9609
5043
11778
16093
617
21792
17881
13892
26030
15393
5795
2495
5103
18564
30791
27561
2029
5269
15410
18125
9241
20627
2809
13688
7510
4705
17728
28370
767
19838
27610
7789
2092
1847
21298
23071
29233
6939
9705
10765
20584
9136
31424
22281
24881
23396
441
29470
18486
2502
3193
20584
31220
20726
30193
23081
119
28506
11581
1050
32100
18835
26572
17407
3389
20656
16066
18814
28641
6305
15258
26673
6738
13038
6160
26618
5563
8617
13630
12183
20402
30369
3589
32118
16314
29400
10414
8906
1548
14903
19409
29918
26519
28545
31350
26793
19269
19590
31611
3236
7296
2713
28726
21720
14069
12099
15962
27963
16279
4409
20767
1596
3815
10636
30109
20381
4211
1312
22137
5505
15261
27231
23236
13254
2462
1838
27680
21396
3275
15136
26661
10038
3350
20970
16643
6185
19927
16920
4456
7027
24781
17406
10148
8246
10847
21744
19467
19589
31528
31414
18074
31862
25267
23354
26590
14201
8067
31876
6418
4072
20567
16616
14216
8415
19116
29566
16202
7757
14978
30931
2304
11083
28515
30686
7956
27309
31394
3894
28181
32215
737
27266
21593
26067
28885
19504
21735
31392
22862
24426
29075
27852
18545
26181
28779
1349
21064
6204
4178
5996
3198
17630
28907
22891
21859
3779
12729
5832
3126
21188
3204
28987
7844
3947
28414
9149
3980
24745
22438
31714
23301
25543
31213
32104
23458
6047
28055
25616
5365
3340
28005
30636
1873
31647
26865
26234
28884
3732
28121
6576
8101
32260
11295
14424
14715
18524
6608
19550
7263
8205
31204
15848
15538
24965
19046
6373
9329
9567
24021
20713
30648
17110
9161
30520
8837
22144
25817
5921
5055
8505
30141
11405
10615
21340
9648
26839
12909
6202
27672
14814
10454
30148
6505
18265
2652
21643
3911
23147
29031
17387
17387
25464
21403
20098
5319
4662
2466
29415
11373
13319
1067
5273
32685
19590
21042
31030
9725
7263
23682
9710
4383
2661
31353
12598
26621
8926
17420
23745
2264
8481
17674
2988
30369
14180
30117
26873
13735
2255
7214
21054
23411
2517
31776
23198
22000
15043
30304
31225
11728
28825
32451
15456
18474
8218
2769
1484
27496
24351
24009
15887
2912
4144
21989
30986
8385
27733
7902
28449
4017
24362
28083
23020
25012
26930
10663
2351
22224
31853
9864
17421
4591
1837
21559
19064
25732
8485
1893
2796
32113
3779
16283
24669
32553
3776
3709
27758
16657
9717
1103
25059
16429
23920
17848
21337
760
9927
11974
23092
29843
23212
10035
10714
31522
1474
3047
25375
19828
30639
20925
15359
19426
18547
17802
20371
24697
18424
3420
10814
10843
3049
20223
26152
30818
4040
8134
27629
22279
6971
8583
11158
13698
25255
28904
25032
26163
5632
18649
15675
32321
20960
32610
30830
22657
9942
16287
15257
16281
11008
9481
23268
869
18908
7158
17622
32153
18011
11108
13584
18856
9015
3058
32571
13285
25991
12335
1599
9192
26001
8727
13237
1588
8671
23003
928
30999
18581
29153
30807
16593
27393
23564
2758
18168
3956
31805
27350
10522
5456
19482
9258
6821
8035
27662
31500
7684
30835
17808
5543
22795
9754
8873
17782
2197
7637
24240
1276
22379
20567
5209
32182
7272
32547
27886
10830
17371
4185
29915
26897
26669
21712
6512
4771
24004
29798
13283
26865
13862
29844
17812
29288
32354
3398
18837
5477
15532
16361
16234
2028
28999
25797
21261
26524
7848
8845
17974
3554
7384
1076
32472
29806
15386
8451
24303
15843
31438
2793
18809
14035
21141
30482
30914
25322
24758
21690
2533
27241
28096
17988
24976
31702
6257
12422
19975
30194
10199
21608
2668
28140
18613
9901
1853
26068
14888
23056
7198
18258
11658
20371
1753
30360
23959
24852
23459
4501
8398
14881
19105
12140
31514
13069
24234
13348
29362
25155
6479
3233
11326
22491
4120
26323
4667
14187
28433
14893
2976
9248
1157
13401
1474
13069
14858
24106
21877
22466
7869
3282
13172
32545
26319
29525
22531
19565
1089
26685
31186
11428
15595
13200
13349
13327
25027
30975
6194
31255
2908
4704
28106
26458
32685
28254
26428
10750
9492
18287
19575
17477
9883
18183
24942
26978
11641
26892
3009
7308
21468
13193
31641
18000
13541
5798
23507
13355
15860
2264
19810
13912
9511
13141
12782
20455
10525
17099
2497
11535
32256
12369
26852
21445
3010
5790
18309
17037
24998
26488
12700
29073
771
5488
6607
27120
28997
1485
21394
26456
5940
24262
30866
14295
31097
1524
15700
19950
20573
25350
31001
14568
28373
15031
25862
30569
6844
13821
22145
22602
14943
27011
30942
23972
31550
29018
19003
22059
22033
29932
24488
8382
5130
10033
13452
20028
14682
5925
2372
5528
30966
25721
5388
20016
5531
11400
3875
25690
21519
17294
21290
31808
25259
3604
9421
14063
23062
3759
22182
19882
15187
31722
22622
30596
3838
29313
28694
19758
2514
6096
8965
7949
23151
16522
4450
29071
1114
28590
18820
5056
27718
16823
22088
1048
31122
6164
3251
6039
28946
6359
23768
5909
27922
22193
10748
18131
5784
13598
28153
3157
1002
23773
11232
9844
24656
21667
30178
11183
16667
4624
2673
17090
19430
5858
19618
18810
4636
28265
7126
24007
17851
7995
20121
32019
11095
25896
21706
11730
28001
18288
17661
26458
13481
24372
22813
11253
10786
25131
7766
2357
17893
17814
23601
29320
3961
3446
30465
10764
13138
7164
20863
11173
4503
5441
29105
20044
10793
11063
27920
4010
2528
26080
24553
15845
7448
15293
29700
29626
2924
3722
14980
6860
193
24616
23822
26683
1927
21467
27181
1913
22587
20405
16629
26457
16944
21074
24551
23913
4496
20678
6933
4994
5789
12500
32135
29597
12861
13153
23004
1512
2998
25383
20020
29978
21430
23470
16206
11523
14486
31864
3822
18279
28639
23676
4482
15116
30990
4567
1796
274
32148
8637
6946
9347
29217
11445
12445
28715
23842
11014
31727
11946
26249
19820
12592
12487
5324
22032
18746
3591
23344
32183
8716
21375
23879
14650
32364
5350
2999
29494
10449
5102
32318
3588
15743
29140
12019
16876
24564
7990
31439
11157
24451
32294
2923
7872
3903
27260
3595
4406
21786
7280
23516
12799
13390
6504
30586
213
22268
9998
949
31193
23315
29862
6037
10628
26228
28319
5020
15583
18004
28775
23626
25079
7649
18564
7655
3211
26664
17121
32124
29449
20790
11621
23331
22457
10877
2762
2432
29239
32378
26541
7824
3366
1941
1505
16801
11299
3657
21001
6818
19960
29316
22374
18077
7954
25681
9709
30082
12342
4020
24221
5414
1391
16341
23055
11659
4427
15713
7503
21090
28742
27694
4330
19918
30855
27678
11848
26731
29130
16709
5948
29327
2462
18254
19418
29392
22480
29722
29321
7622
1831
11691
26201
31506
30289
14145
32662
23454
25886
31170
19101
1319
492
11103
8430
14073
27491
6773
22659
27642
31330
8113
32096
32234
26680
31608
18796
3561
9496
8838
20095
22074
29383
15829
1724
18758
6040
25024
16161
8676
15770
16488
4188
18647
21008
23383
23008
13208
31009
30819
29497
8279
27089
24021
1948
21308
17968
6603
20419
14578
17361
22747
7672
4710
14462
4089
28783
3532
24362
32155
32216
28900
26919
17947
28725
14459
12186
12124
16873
20788
6443
16304
28946
19848
2049
17401
32025
15628
25581
271
25224
2290
5349
5218
2331
31187
437
18401
22553
19116
26353
23834
25828
27942
6702
5026
28623
25370
3441
28343
9009
20820
9960
32292
18616
12183
16600
11877
26879
14818
26071
25612
2402
1778
7483
26211
31761
26632
23506
23891
30307
30188
27860
26244
24941
28466
26389
1478
6356
19388
639
29872
3039
10624
25024
5510
29904
30347
9280
3424
6773
31814
21590
18825
20474
12281
1467
29734
9985
27789
14399
7192
2036
31126
21178
5155
9370
913
19014
19791
30953
26985
18859
12430
19996
833
27931
15264
29701
18029
26144
25908
9379
27329
7122
3152
17911
29967
6989
30450
32276
19179
27746
9208
19830
13233
7821
29757
9108
27338
8743
28421
8632
10026
16861
9627
15
15389
20577
31288
18684
14148
24159
20007
24242
8154
3251
23335
32514
15164
20185
15377
14705
31401
12709
26810
2958
30278
31284
10523
6019
6501
12578
17327
10473
25606
28157
27421
31713
26014
30458
12055
31328
21784
2279
29826
25546
27162
23393
14551
4803
23433
13639
9417
21826
10063
9583
12840
2790
1884
13207
26885
32142
14314
7582
30743
10276
29446
29940
11357
24505
17740
12367
3077
4823
8178
1439
6285
4882
19464
8261
31784
7393
8957
1919
9827
4524
12390
18727
7176
6182
8443
15518
32322
5853
8930
29187
3331
15632
6961
8616
10403
3520
21678
12230
5834
8457
3033
6255
3727
4019
31788
22469
20449
15621
21153
8810
18982
29401
10613
567
5667
1014
28971
11057
18204
26777
27349
7352
22332
2389
6031
25346
13111
11293
16716
3272
10541
14240
213
10559
16082
16597
25870
25162
13004
5846
8059
1774
11612
16625
23044
6662
25665
8956
6645
14648
13785
15338
21577
28711
32650
12956
5928
19434
13152
9465
27822
17086
28919
27969
23278
17399
9628
20894
9527
1085
30639
20989
12950
23028
331
2075
15771
15868
7722
19939
12640
17563
20674
7671
22472
8887
692
25229
15621
4937
9319
9852
27741
12558
28656
23702
27181
6272
21302
12601
3886
26116
17747
6689
10487
25701
2877
6272
963
32641
12197
24913
16757
20290
12831
24553
8665
20176
12676
18127
8237
5125
5524
8909
2528
6946
31712
9287
29337
31424
27624
4812
10619
5129
5760
7915
5032
4903
9336
1608
4099
21501
22651
15855
18491
32533
2104
5863
4869
29402
12480
4363
19368
19720
10799
20501
17087
10336
16015
26364
11322
25248
10233
28032
11943
32434
14845
5122
30640
30500
14917
10650
31204
5336
11380
18532
14266
7677
5460
7194
16338
28989
31025
30440
15999
24888
6528
10363
18563
25650
13765
19292
17177
27656
21427
31868
3385
31337
21140
12560
19991
17730
19947
7838
3309
32634
4952
26968
30202
6624
12221
3242
28874
4194
22431
12815
27577
6015
11983
27176
179
15871
13129
31759
22333
22241
20316
16105
26553
16277
22283
12730
997
22123
29876
17790
18598
13644
18671
3445
23812
1192
16825
18878
8821
31407
27858
39
14942
23236
18787
5956
1239
2350
23780
10174
31919
1809
3901
30702
5295
27293
4651
21930
31267
10118
22502
16991
24727
15284
23809
9568
15071
5179
18833
30846
1370
16013
11665
8921
1399
14831
23685
30198
8823
32041
11358
273
15221
1154
7070
11956
7844
31723
8892
24712
1497
22907
13514
32108
15433
31771
13141
9668
20883
8835
22925
531
32257
20069
25253
24525
7178
26599
28541
4198
23324
13655
28543
16047
3993
31514
4295
11874
17440
22502
31622
6651
28685
12594
23720
8906
30531
17386
948
1863
22313
11622
6132
5029
9458
157
10455
170
16674
15254
7571
13501
25677
12576
18446
6977
26914
15043
7935
1569
30633
18166
25424
19884
30153
6034
13512
8868
24845
17543
23014
18065
30120
22222
16144
7771
18102
3999
28909
21272
11204
12259
5647
29987
10131
21484
11221
21870
11289
14180
2703
2329
24521
30083
29924
19267
18452
6533
13937
12576
32048
4956
5555
25675
19224
25762
7463
22366
25556
6609
32687
10433
1786
25526
7224
10175
17013
25891
25754
12255
12421
2277
11199
20081
22279
29685
7944
26215
3063
26611
28396
18022
819
10703
27363
25885
27009
16586
5250
14294
12500
8605
28135
22346
29131
6647
1879
26298
1659
4141
4134
28987
17006
27437
28375
12626
27627
14005
9349
30400
23160
22466
32642
7839
24222
25930
24893
20910
22252
31021
7017
31978
5695
3434
10331
14430
32576
14734
17076
4155
31021
25715
8257
25643
8669
15910
21535
20707
24830
5673
7203
22519
16546
25051
7544
14835
12026
1844
21642
13991
3424
16309
15395
10178
12443
10143
28628
10659
13919
19812
19863
18027
21524
21851
23218
22359
728
1463
28639
4173
11463
20154
28841
27060
16250
8998
4633
23689
18381
13557
29842
9391
31462
27209
5370
32135
20595
7846
22810
3265
4658
1119
15176
28530
1207
14926
22851
7526
3434
27080
27230
5815
31183
208
24801
3998
19466
23691
15020
3722
12450
30709
17693
12399
389
29393
22580
1889
31308
1254
19701
18273
449
12648
13070
13687
11422
20149
2490
3329
23960
13890
32741
20298
9884
12500
32657
12638
20313
29427
2168
7197
9470
15771
7667
29327
30533
30518
19482
4727
26288
20679
2093
17195
26642
19304
28723
1698
8530
12790
11744
207
876
23307
188
26925
17848
18220
13186
15004
9839
28484
198
5483
5227
22353
10971
1974
9774
14686
19188
12274
550
23729
7049
28102
7216
27973
16893
5404
27738
26491
23421
22393
749
27660
20779
22409
7595
4162
14204
6911
8789
32360
15582
20124
8816
31359
27551
4236
19529
7986
17162
13561
27959
26380
27603
14555
26912
21993
2997
22285
19262
22186
31833
29606
21539
8493
27002
20870
10491
15485
6727
17967
2066
28997
27144
24535
9878
16523
13317
12731
7069
12954
13987
15029
31849
4672
12753
6673
3563
26682
17570
1693
12167
19181
20027
15359
25367
22103
22000
21067
5682
24644
16042
13269
4270
15557
18828
9540
11363
9950
11222
5096
14898
8575
15369
7758
14407
25781
31308
2833
15770
11042
30734
8690
16060
29611
25325
6955
4048
2928
14038
6401
18391
29697
23406
24473
26930
31183
12465
16140
29537
3808
20185
25533
16913
15815
32130
235
23894
18644
9739
2434
7989
18824
17727
27447
21093
25675
8245
32723
11862
25697
16500
10447
21619
21531
31579
18722
12965
25930
2241
4439
28440
15865
27864
20962
16705
32092
14679
18356
23584
3331
27096
5901
19906
4691
24446
26770
30731
5175
16348
23711
1714
10515
15122
18654
1677
16634
32057
29721
527
24608
20226
17484
18191
23954
10649
4863
14794
31268
16848
7122
22828
25515
20089
14682
22603
30829
3603
25643
28981
24278
20394
10294
21739
17773
760
1110
23725
24326
5072
26661
24696
28472
5309
17428
22222
31505
31974
24507
8629
29193
32052
27245
11522
25397
12471
31248
16855
4797
11334
27691
13163
912
12646
23873
18697
18774
2158
10846
2396
13991
17896
12527
19177
15226
32569
16598
11741
2016
12933
29886
25353
18162
26061
25772
25643
1543
16730
26327
367
7211
10591
21178
26677
9677
6874
31335
1813
26808
20411
19998
29472
13381
28232
24094
12905
4558
18368
11963
4037
22885
27198
4785
23502
32454
2529
32696
16174
10891
1322
4441
538
29599
2213
11775
27932
19701
5580
593
10006
31610
28968
18111
13444
10312
15289
859
31745
25372
15256
17899
29709
10506
6107
32316
24077
17263
3001
29881
12947
4904
21743
3899
8928
7169
24929
22563
21415
25712
5
31655
13588
32132
6397
12137
7181
18200
12547
14414
184
17484
15370
653
1597
5174
802
6
12237
25300
8605
16598
26339
26181
23920
31272
14025
15417
24284
28493
24927
15271
2893
28944
12568
3774
1922
26435
11333
10525
9454
6302
3478
28230
15966
9418
9693
7248
18397
25784
2838
20189
5588
9527
14501
11852
8054
28614
1246
7984
16475
21926
4042
1536
15723
28980
3880
29456
4350
4470
7091
19135
16962
17396
25507
15858
19420
12489
26230
9922
21970
31993
7664
7538
18088
9989
14433
22948
28617
4541
18470
13260
22825
12630
3186
23268
28713
3772
14159
4706
7611
5417
21727
3175
1990
24055
14312
13369
460
28339
3983
31987
28874
7538
2660
2171
9823
3944
10911
15029
30513
1462
12201
3318
4237
27780
14559
13756
20813
24656
1426
30876
10751
7557
30290
12923
18499
3664
13164
30209
4469
27311
7345
19531
12428
7883
26233
28128
15170
27527
2024
2023
12918
30041
24176
24983
25038
13657
10903
30190
25248
151
18939
21926
17939
6578
21139
25957
10881
166
29495
19508
16416
29926
15715
9778
226
23979
15416
20361
8089
3211
31939
23458
29279
3661
27522
3221
23605
32252
11044
24292
31210
3642
18577
32104
5695
15575
28714
12683
10568
25762
2130
9144
26389
8575
21805
16
8594
15034
2471
21343
428
1947
27065
13390
23477
571
25064
3290
8970
31893
14350
6148
16627
11232
14684
26570
21194
32285
2464
1879
4960
28140
30660
3447
29596
18595
31639
13133
9829
6817
16593
17224
9154
13792
25425
29779
26432
1738
16552
1356
28053
11086
731
11448
13698
50
18533
12469
18430
6315
3452
15151
2960
21547
14997
15959
26365
1658
31786
32081
30499
26120
18363
3373
23589
13442
12819
25113
25032
21923
31436
15573
1821
18509
28949
3175
10593
13784
5555
6159
22049
2986
7750
1405
2209
21255
15822
3906
22143
15147
22125
32645
20372
2454
30831
17143
5403
25768
21127
10249
27669
11373
30555
7772
20204
21946
7235
2680
16982
31609
13646
450
29052
6721
4743
680
21852
10794
25206
32031
27499
2783
15849
16207
16255
30196
8436
6796
19693
27514
30006
21641
31470
19665
4446
14536
14408
6590
20974
24149
31274
957
12095
30132
8791
19353
29893
13080
4230
7481
32149
10454
25353
23997
6692
9752
10926
8138
850
28118
5603
12833
32423
23042
22301
31863
6108
16131
19066
7809
5021
9061
7845
1358
32653
8143
1274
27353
907
31541
11498
29663
22580
22350
3745
24558
1704
329
18663
32703
21905
15036
5700
26053
1890
3805
7528
1286
19933
2036
8393
12842
5848
22800
20878
15057
5696
20473
18860
1834
12638
9063
29007
31170
12121
29041
21371
409
21245
584
9715
4731
16826
8997
2138
30605
23536
11648
16024
13351
27242
3715
27263
26337
17704
25278
2223
25329
22369
31260
13494
29620
9416
22550
30844
32394
13327
1062
10975
30439
681
15999
8602
22695
26069
27899
14955
7330
31960
21589
32629
23425
6281
29080
27363
4816
15379
2007
3534
16468
6903
13855
7776
18334
14416
10666
12602
21984
2907
16469
8724
14336
19766
12116
28579
22251
21480
549
3776
20012
7842
1474
30918
20669
30533
29723
31036
20508
19747
29635
32436
6562
11530
16362
29426
24081
31359
3211
24145
22380
20039
31462
23139
267
7724
12849
6104
5614
4605
28811
31649
18770
10711
10289
5973
28034
6563
31988
211
31984
32224
13803
19753
14724
19875
30565
12980
22068
11739
22817
5769
24277
2522
11458
2324
21040
5393
2173
30207
8793
6683
27157
2901
3900
15102
1545
7144
3961
1709
5900
240
15218
2001
16821
16116
28321
12488
24696
29166
4912
18670
19413
17578
19395
16156
29391
30575
28569
1391
22432
14817
3283
23115
17579
23590
25875
8863
19890
6984
6217
14698
29001
3290
29130
22654
28298
28127
2979
32388
8971
22759
15404
30272
1293
10107
480
25366
3574
699
24939
30413
10498
26438
27141
13460
31285
8282
21503
25922
4500
32317
28059
8418
24212
19419
18977
4463
30675
18352
26415
21212
2822
9192
15441
5207
2354
20933
26833
24271
25376
7234
29649
9396
27147
22006
21142
32510
10395
7738
10535
15216
18455
398
30999
8222
21974
31033
12959
2093
31990
3632
23536
15834
2129
9017
17094
13757
16557
10832
27713
3919
31539
18762
14065
32427
27683
12728
25391
913
4549
12302
30132
4528
19363
13829
10340
3621
29173
25661
23915
17983
349
22311
18571
17285
11988
15138
17076
8442
30692
27620
31702
17823
793
8988
32499
10298
25778
31317
15480
86
7067
17438
3789
2187
23200
104
27947
13823
29147
28719
16558
2349
27758
3165
4011
23525
13944
25579
29507
20628
24385
9545
2872
18118
19384
22272
25600
30953
27936
918
792
10068
20486
23729
3483
29832
6006
6528
15635
22197
14446
5207
5775
17024
2451
27545
6134
29443
31523
10715
20378
29461
2859
14662
4624
19404
18938
9789
16960
31809
725
30016
24504
7827
23788
4113
20294
24111
2189
3605
4549
9038
19608
23548
23863
6079
2099
1701
19476
26854
31934
11579
5858
27397
29706
24229
3078
442
5829
26141
14810
29129
1849
19230
32511
28
5175
2180
29941
520
6221
16111
26856
17106
22847
26216
22221
25202
31669
17223
6830
4502
24370
8787
19522
20202
30277
8236
30913
2455
28419
32742
12022
19721
16308
21751
4502
23030
27597
1107
25552
20636
5407
24789
17445
20554
11597
26337
2426
12321
23427
23368
30316
13596
27237
20843
14051
26958
21062
23716
23530
30827
13211
28897
18878
13706
21935
13970
19492
11817
32152
21958
17664
28274
12649
31888
10532
23229
15273
9392
16230
16981
772
23663
22005
3967
2625
5835
25069
14520
11380
18132
15656
22335
26997
19030
30296
1747
22160
26552
26450
29374
1918
25380
1453
13330
916
28393
8588
25907
6971
31517
1720
3733
12704
10374
13298
20679
20141
25275
7303
28593
3383
25990
10276
8986
14713
12685
25836
20589
13249
13361
8136
4540
27497
9911
22270
11781
1545
26789
15110
26292
1771
22895
12697
15978
2751
30035
3850
7421
27536
14722
31193
29888
24823
4992
11398
19716
28815
24525
2467
21982
17064
15301
13869
26923
12096
11973
11804
7378
5935
28303
1849
19017
23969
17136
22064
12123
5577
19616
27110
3112
14548
13161
20748
25197
30748
32651
24053
14853
32671
8800
7332
3760
15535
29244
28458
19220
31979
7575
17455
29953
31085
22894
7118
28409
8773
20198
20134
29424
15910
3123
19245
10832
12896
31928
15688
1856
1806
11375
21529
17190
31633
23180
6680
9834
16189
8029
4966
32126
8785
10613
5726
24347
21293
22025
4716
10189
31679
10394
14626
20145
21311
26068
15752
30589
30748
21943
7604
26050
9782
28916
10907
13678
7501
32154
16935
31893
19385
24305
28554
14961
4444
7334
26065
14247
11990
25897
2236
15307
13559
3924
30669
15399
2170
24397
20383
26552
19952
4781
5497
13434
20986
30690
291
20966
16827
5330
6392
9400
18317
8384
21565
12277
24563
21876
14257
3885
31440
23446
8293
26109
15574
22108
12494
26841
30016
21093
5145
25352
7108
7140
3006
24048
27331
16384
31576
19860
27076
15739
26292
26203
31776
10386
5672
19
18430
17957
21798
10805
2434
25112
32528
21867
9794
25849
20046
13903
5370
27875
8607
17782
28032
28066
11180
173
13562
7191
16611
20866
14926
10462
14210
15623
5850
3631
3570
16594
10086
29954
19287
328
4438
30071
20069
11548
10276
13940
32373
14866
18190
12432
4824
24329
29452
6192
25707
28472
22789
13039
32107
31416
31810
7236
23435
22594
10531
15711
6212
31803
17
31827
27501
16621
11443
26234
15371
1048
7525
23061
13162
15785
20198
29492
1645
29641
80
16342
26914
12313
25422
32592
24729
23100
7305
28915
26359
7063
10339
30185
5574
12372
30696
2656
19087
18861
23041
23019
31147
25959
1259
29476
9046
16028
21480
24215
7941
15294
3381
7387
12538
32217
17467
20482
7701
29976
11273
5172
12781
7819
28162
19350
27423
20263
22739
24944
16870
12303
31657
18576
15596
20498
416
14569
18528
28276
24958
28800
841
25329
13729
31625
30490
18175
20534
18380
28038
17492
24492
1870
22677
11432
14184
9774
248
16060
4283
22477
28314
15515
22545
32561
16247
14111
23147
30380
24753
12984
26383
31416
24032
2409
14717
15398
15018
11795
16294
23928
2709
13558
4185
24459
15128
17781
9726
16761
17400
22809
12678
22461
12754
27609
6562
7832
16115
409
31283
2996
28272
9456
14338
8968
23924
17198
31922
21243
16084
2462
12019
23500
13545
10248
15096
17969
32158
7290
16170
11582
9416
27720
28958
24457
12470
28242
20164
7052
32009
2693
28642
27466
14278
4773
3009
25398
13482
6217
1831
18512
2750
25639
7812
24977
12331
29329
112
30857
2126
6464
27733
19783
6159
14929
10601
377
21615
10381
27104
16084
16225
8429
28255
7350
18139
32093
32179
2314
6700
1217
1219
14445
27024
31798
29379
24974
17410
23962
9643
18395
1873
22350
31464
22874
5750
31034
22609
25556
18981
13074
16732
9529
20386
2008
19602
15168
27094
6819
3392
13902
18594
30878
17776
21401
27251
17491
29719
8845
15383
9770
5008
6511
27343
9772
7241
23872
7333
21261
8125
16612
767
23146
4002
16259
31605
30287
1379
30256
13024
21500
7632
24776
32435
22505
15637
24093
24719
25351
20200
16212
26641
32073
22279
26252
26351
2403
26082
14529
11075
26066
17812
26351
13350
7964
29464
21114
5249
5977
14266
4301
30752
18162
30411
21057
32520
31401
921
12353
25355
13017
5023
9901
7065
2047
8440
15483
29657
14458
20762
8100
18168
17295
13248
14398
22210
13744
28200
30437
28783
2558
9855
25184
21439
17676
17306
10370
4169
11494
21734
13901
19727
16978
13986
7006
11863
24405
17995
15493
19894
7929
15192
6579
30830
29262
30760
11033
10234
1711
26425
6542
26854
24902
14490
22065
9188
21459
5027
21840
32029
11944
4323
28809
15813
21496
4186
13359
31730
4178
16360
7152
29870
23657
26118
692
19530
27670
17588
18887
10486
11936
10418
31547
23439
9274
30963
27528
2744
11469
23119
7798
5164
13304
15224
29501
6227
24150
23855
23530
25619
7167
10936
9220
11496
17489
30347
2672
21303
7920
28492
12946
7903
32267
24829
12469
10770
19937
5747
13741
28259
15748
28422
7610
10271
25821
31885
26288
993
3057
15754
20821
19041
30562
18337
12811
32397
24121
30287
13487
8667
27874
29144
6080
4829
31096
8833
8900
14870
19780
25600
23527
30988
10112
3377
16614
3998
23904
8202
1835
27544
15187
13777
10042
5765
2950
31628
14155
13764
26025
21178
22840
20702
11255
27200
16282
21015
22896
25510
3631
30019
1385
22659
6528
6363
16455
21558
18880
9552
11656
5591
9462
32415
32515
11886
17503
13350
13680
20322
14605
25270
18986
23860
9173
31977
9780
6764
1128
28086
2682
32468
960
18754
19802
3813
15806
32761
4451
18303
19985
18398
22877
29149
9305
12319
7561
29639
25484
4845
17962
28681
20633
22922
12099
19237
5196
18084
6563
26693
21618
15073
11551
12915
26685
10171
28703
17932
11242
9358
22620
20082
14240
23023
22759
27650
32156
14144
4462
13894
5003
9857
699
11883
11063
12905
27773
13813
32358
21174
14411
23985
12799
21185
5606
8427
29807
1621
11454
24802
23371
16577
1720
13433
17463
16940
6191
24623
15622
3881
2361
2641
14115
26252
9259
32623
2607
18811
3423
6924
2539
18888
10292
10393
13145
4734
19799
20645
13598
24249
13889
26190
22315
21179
16897
10491
1436
27453
30524
20045
736
30467
26482
26706
1307
20147
22402
31740
17096
16103
20849
23506
12963
22657
871
6886
710
6975
4090
11271
2834
11919
13231
311
16080
7332
25534
16224
24984
17353
18966
23106
882
29173
17057
11440
2108
24224
15817
24828
15948
30422
11323
15792
18518
12170
22507
10878
24207
21036
20056
378
11026
30590
16401
135
17795
9379
31096
28431
4595
15992
22726
19448
1796
18216
25935
6099
8014
6651
27656
3926
31233
6511
17734
27148
28363
906
10184
29003
6396
24686
11512
871
7656
16174
27246
22309
12940
13536
17590
4978
9333
20980
24403
3925
27102
452
19971
20003
32025
2155
27461
3058
1840
4827
30745
28239
7627
3370
26887
11572
6228
13101
1122
18484
16474
3912
13774
7161
24883
23428
15104
27632
31462
30946
3525
13379
7240
28912
12102
22536
10340
13721
14474
32696
2848
4929
21564
15330
8478
2322
1455
16416
22241
31632
24863
19019
17201
30068
6458
2539
16576
27319
1502
7153
19213
12781
2085
28329
8841
10196
28575
8682
31737
12589
17630
14224
16155
3786
7480
10283
6284
14313
23496
12281
25321
11968
950
26642
11060
857
32696
32739
21626
30880
729
10973
7859
32699
26234
5742
5354
32153
10646
31793
9886
3790
30026
9314
28775
15774
19092
27796
30685
24151
15707
9894
24245
1509
24751
25587
20781
20128
18515
201
13227
24424
17272
1053
21408
26868
13516
10108
8115
3431
11187
6981
11036
26148
8916
23318
77
7140
2008
9860
1752
17670
28782
29199
141
32294
8339
25684
25058
28912
17936
13189
2457
15670
3396
30487
7068
30785
29475
16826
812
13925
30847
6030
24634
21208
6791
5268
25621
27077
13453
22371
24902
14491
12044
1052
4792
22699
8169
29599
24093
2034
16377
25343
5516
29747
22980
14132
31855
15434
5512
10512
5020
7100
18049
28021
28866
29842
7528
11716
9479
11112
25658
25752
30447
2497
10042
29365
29568
6813
28473
59
6820
13646
28949
32288
10958
10887
22144
23516
20448
18358
1026
17766
14669
9363
65
32096
23418
28409
24705
10126
24683
10486
24167
6029
2971
3358
31490
30658
5419
3364
21260
23696
16447
7851
2156
6094
12454
19033
25856
24696
17337
12589
6810
8868
28805
31763
17480
3000
29484
27062
3289
9947
18312
28310
7836
7593
14098
7002
16491
28971
32258
15719
17384
16134
19384
28081
10503
26354
8795
465
6861
9326
22976
4953
10583
28851
18829
4452
25885
16614
24222
4209
16248
29841
8103
19569
21602
2132
25883
4382
381
24792
18509
31887
28248
16901
3542
20489
27117
18037
3894
17177
16750
27432
26558
3295
29761
889
26797
6061
26953
10576
6297
4817
2407
32154
16912
22190
25408
19702
21888
20242
15425
27825
8788
24515
13025
25589
11104
30555
22054
13629
6783
17494
22123
23564
6010
16490
13152
21215
1580
1559
2898
13664
28644
9342
28589
21212
7179
25974
25279
17655
7175
14813
25278
24223
20062
16428
9741
1854
7455
6478
27835
22068
31614
32691
2893
644
26302
21664
4797
31437
28244
6089
14786
14717
1865
32033
27474
10561
12000
5361
7781
11712
8313
14887
23293
9352
8885
15089
4195
29256
12251
28555
8371
28737
32122
13142
17818
19959
10064
29737
12895
15148
363
19435
5920
28174
21902
22626
26975
22960
4054
17734
5565
10423
7837
15514
32516
20566
2463
12604
28267
20348
1115
14266
22806
28235
32701
24935
7901
4557
32505
19886
9806
30690
13242
26023
31221
28541
9596
30184
19163
24848
26678
6814
31820
15173
9789
12764
7389
6127
357
18482
28846
11584
3945
13186
28909
24380
30093
20495
25755
1389
26497
5079
30355
14553
3465
27683
27848
15921
5595
6492
25806
24651
30024
32032
14748
20178
6943
3733
30352
21821
7247
26877
31667
32253
6603
10379
14143
30203
26163
2421
6238
17473
11952
32075
7989
10743
11040
10887
11809
16018
6515
2661
64
7240
2132
6389
26932
12487
13580
19310
16931
1574
164
16581
10242
6172
16458
24702
28436
2416
27895
23491
28589
19888
30286
17587
4156
6950
15558
12284
12424
14600
30475
5292
23098
32239
1698
24132
23196
4746
32716
25870
10656
19604
26798
16561
16932
13827
29614
10499
20340
5251
14624
22814
21521
1314
13346
10422
11697
77
1732
20394
6790
23035
18797
2008
9155
4648
27002
310
4445
2437
23335
23583
19214
28270
8883
7658
19104
30236
30911
21441
872
13852
3576
22448
25361
12799
12789
27645
20379
29012
24930
8376
18082
12755
32607
14226
484
2523
15907
31219
17662
3871
31461
13638
14454
21916
4348
20888
30206
23246
26693
13921
10743
12579
17093
29089
28213
32688
3471
21807
16898
10786
14568
32334
17253
13560
23466
31618
3492
14832
9702
1186
24839
191
26317
31021
30687
4101
10705
6369
11463
19072
12039
10890
22058
27776
17104
1305
31493
32155
14520
12021
17646
2721
3486
1942
21334
15315
29974
12111
21515
6991
22027
8555
1280
8143
31401
13436
849
20371
30585
29936
2946
3996
3534
3557
3848
29467
3425
13375
17162
7977
31032
18423
3176
5816
29644
8117
27901
714
13930
12962
22049
19169
6106
5239
1138
4534
26175
30683
18645
27181
6206
10987
25271
22665
6498
16922
20377
29660
13759
25915
13259
15298
26838
29404
16503
30287
5049
28118
15074
10822
24176
26914
2287
2444
18586
26094
26341
24540
11607
22512
10865
22971
15974
17403
14063
14255
14987
11472
1765
16812
25396
16950
28368
3791
30043
1613
32036
30031
10670
23839
7054
14000
32750
14968
21884
15417
22933
25080
26591
30633
10171
28006
32303
15398
12346
3399
16560
9078
11793
14255
6133
21361
20742
14680
18850
14262
24720
23793
21110
926
1523
7352
8584
4206
429
4683
6352
27601
20497
6331
30442
10885
306
21731
3607
21332
18434
6136
27781
30278
1211
20577
22992
17429
20094
31944
19912
14817
16442
21873
17525
13605
3280
8138
4952
1002
7797
24644
9204
17722
17751
24162
14221
11736
14723
12047
6192
1326
29702
14645
23283
28295
9042
26763
6014
21118
16100
687
14538
31926
32292
21108
19241
16844
13965
7549
27527
16778
25869
6155
15343
6494
26287
19219
337
6922
9335
8340
20098
23452
13965
2599
24708
11937
17055
30168
4104
24982
6528
1332
31793
19359
22549
15011
21147
1404
3953
4344
22684
23992
14399
12615
6601
23843
30048
15094
24508
28547
27094
21015
22293
1159
9697
26613
1471
15612
28519
29165
30325
30787
27033
640
15748
22019
24532
30886
15058
27
14277
14692
15647
20699
20177
10144
27275
10611
18100
20021
4696
3243
1384
28739
19442
20949
27720
29640
1836
1024
2677
23157
29133
16751
20089
15546
22091
12106
31530
31524
22486
21906
25553
6632
12184
30554
13196
31424
20284
15157
17393
26869
3245
14315
18164
11197
15136
14704
18443
4808
21844
21014
18576
12566
7448
3073
31590
14859
21519
20187
25567
13509
29104
19914
23517
31149
31376
4511
17720
11852
23780
29521
27232
13153
30273
6825
21060
14640
9895
21822
2930
28188
5310
22948
12927
31608
1887
19169
14249
17563
30806
4128
10171
7218
17511
21674
31793
25563
7311
17425
13981
18927
7307
22190
19273
6558
10911
16974
7966
20802
1168
25385
7364
29421
7666
12564
9483
17220
13226
5367
24202
27281
14507
12928
10374
11283
3
31257
13589
10137
18459
5912
3714
22863
2874
3638
3060
19415
14668
8259
31051
12443
16098
17688
30283
21090
32121
21196
20732
5666
6399
9515
24400
32277
16019
22883
7175
25359
18573
29185
2768
22543
25534
30492
10161
27668
6649
26320
26024
15922
26065
2543
147
6116
13221
242
9805
420
29658
7478
15130
1465
8808
23141
15685
5457
26520
3121
3079
17359
13836
5193
5547
19558
2559
13445
12528
5607
11726
20836
9647
10455
10167
14521
10429
19397
13537
16545
20243
14810
30109
21176
15404
10162
12012
14221
4015
2666
17729
13907
22094
21755
21640
23769
494
8134
2406
956
11528
28272
8131
25307
11599
2031
10886
18955
14739
5349
2207
21004
9957
30765
11083
6588
252
5556
4499
25483
471
31627
7446
10031
11428
8506
9225
27545
4065
12630
25724
32039
29377
4438
15583
21531
29137
7074
19908
16204
20187
16365
26855
10011
30730
32197
29035
31913
2640
28008
4454
10567
21253
19162
26784
4654
5329
14132
6296
1137
5067
9279
20936
7471
11490
7745
17962
525
31869
26647
9467
32227
22622
7556
959
21942
8396
20425
22661
27111
11505
20598
26988
30633
22145
7807
21862
3768
26780
10642
6716
3913
30198
24488
15315
17468
23093
14555
28845
28057
27290
13687
30642
20282
6628
595
31537
6085
4977
14178
9506
13278
4519
25733
18606
24986
29586
24739
17649
6198
21966
3836
1278
6153
12968
3770
16675
14007
19840
2249
25967
15272
28018
4073
16754
24760
11061
18178
25924
19248
22082
16823
20425
4342
13625
21309
21042
7680
9601
16238
19655
3598
24111
537
10468
20121
23082
8349
13378
7430
11660
14774
16760
13600
19019
18326
12738
17349
30744
18488
19456
29151
903
16369
1282
7063
26737
19016
7426
1989
31639
11527
13938
13226
22407
8594
18937
1761
4292
18552
7096
915
29985
31560
5585
18155
23150
28838
11306
28105
16470
26269
11630
12731
18824
18231
9557
21033
20501
31563
13350
7631
6425
24471
32634
12400
27550
4110
8258
14537
3773
32115
12811
23237
29446
295
26497
495
2851
25408
18482
14380
6071
1754
31637
21674
27276
12466
17739
5908
25838
7153
5796
776
13650
20805
22885
4042
6204
29750
22473
58
8287
31416
26053
30467
18949
764
12176
6934
23985
15244
20835
24663
26115
4503
7294
18581
15581
6537
11627
12480
29636
26079
14214
32342
7049
16442
10685
16671
12072
30898
4245
7450
9712
16236
22893
4279
28900
15471
23303
27462
26466
22963
18244
1968
26370
29563
27183
8037
10945
25317
23101
18837
7519
5824
32212
31395
11013
11933
2569
6103
22059
19497
24238
29523
5049
3770
25484
17480
12908
27943
19181
28521
20860
25053
23902
13216
10876
7471
12978
3840
12929
12782
31818
28668
22150
28730
17556
1750
22287
25239
18386
19290
1805
8516
18973
2763
29186
28616
3753
4638
11621
22733
21578
18534
22856
15409
31543
19856
5176
859
14351
29008
26213
28619
30745
5723
26627
14325
23248
21975
9967
26192
25759
30479
3990
11946
20201
3948
23827
11710
6476
24225
21655
18184
16423
15141
20494
5336
15449
8934
23551
7846
12364
17468
27828
18853
26163
4891
28316
14234
911
16014
13805
2031
5624
6752
4493
12035
23834
20764
1331
22469
30206
29241
28362
897
19339
12430
6934
23546
28748
25868
3481
27576
17779
10667
32696
12451
4894
8357
23322
15569
30170
15331
13137
22941
17765
6324
700
24825
22713
17349
11947
16645
19269
31054
5829
24032
10110
13705
13223
17853
6806
10600
2254
27450
5515
26503
28087
23022
32612
23904
29252
6465
23736
27838
25186
12673
4207
14708
11497
1842
6604
32590
12740
165
29612
1096
15185
10700
30984
31486
9994
19020
29377
26980
358
8660
12957
26551
6394
16045
24460
19379
19684
8851
22321
5127
6761
10692
18589
10246
11741
26710
27742
16287
31427
29133
32184
1935
7990
16109
22834
21973
5768
9677
25685
614
32552
6189
8880
14371
30665
7177
7199
21000
22464
12911
30797
6310
18094
8333
29560
29651
30560
20238
4212
25760
2547
13223
11251
23435
22844
30956
21763
16118
14183
22633
3800
13784
24029
23278
24524
2739
5228
29482
20900
15046
21410
9851
18197
1411
26233
14341
19079
4163
20282
2562
14872
29241
29595
10584
29924
15524
21546
14193
28036
21321
21231
9799
17876
10529
19789
31422
22521
13647
3370
2359
20643
13396
21840
24674
16016
2438
3346
22099
15186
21695
20274
27609
4433
4178
24578
31243
787
19267
20170
24099
6075
21431
18026
6032
4304
26025
20800
3142
27968
12767
5196
26457
7589
20764
17810
17866
19910
30616
25024
9633
26465
31917
25873
19259
12840
2771
2929
4326
13577
3022
23522
21675
15538
9510
798
30827
11093
22744
16766
10286
30120
7755
28698
23223
28977
1925
24882
16476
22464
18079
8141
5140
9277
10102
21151
722
11427
20900
17968
7441
7501
26287
25147
1712
14705
20607
3668
22785
1258
21526
18894
27421
15162
15483
31452
29818
14287
12791
14582
15807
13189
4484
5759
21462
31597
22659
11684
28995
1229
30893
29831
4533
615
10316
7325
25563
24318
683
340
3449
16663
3275
27130
30139
31741
29271
8922
2505
4615
3802
12712
12187
11293
5936
10527
23311
10873
30523
24552
31033
12971
14295
3774
9722
24288
271
6608
24532
29283
3217
2406
11772
14180
7263
30152
27825
27129
18888
27228
13261
21602
16535
1038
2970
145
14986
20212
25574
8938
20229
10034
346
8775
27400
8476
21767
24895
1375
15515
29250
11432
25368
26578
5810
29530
58
5377
30887
11062
28852
26537
20397
1895
19860
15601
19298
25576
633
4936
27780
2630
3915
5452
29774
13224
4649
19434
24069
27660
11683
15303
5838
15059
7978
29151
26562
13440
6596
17261
17988
22973
14597
17674
32402
26527
8250
15640
27803
32042
6631
5473
14097
14872
19316
4092
16574
15062
20771
17265
17435
5584
22085
8732
19743
15854
32174
4311
1365
28254
11878
20691
1585
917
6305
16583
9636
26000
1777
14669
28910
26464
20411
2184
18868
16357
31464
20747
22866
32730
28636
20470
20082
10513
16300
20066
6366
19200
24459
16896
6034
18557
26502
24828
27926
10950
10610
11560
28170
9668
13346
14934
24066
12689
5853
13317
28309
23863
30990
26177
13489
16059
23102
19908
2097
9306
3648
29537
434
27410
18859
5795
2722
7780
21134
27569
13209
17753
10590
28788
17645
195
15923
7420
15745
24261
1588
29472
13277
1941
1360
12645
19844
10113
8240
11554
16513
14896
19049
6113
4932
6955
25845
13319
3756
32667
24804
15544
5733
15701
31311
1269
23412
787
8078
4615
7440
26116
22698
13601
27572
26760
17173
26689
8818
24116
30105
29271
2698
20765
24719
5801
23867
19539
32337
21366
6105
12203
26610
29657
22048
28866
8748
30961
9928
27966
13977
7743
3673
12887
27942
32079
11329
23959
14790
5275
13860
31453
12899
13740
15731
936
8474
7810
29504
25490
1703
16950
24145
9755
8478
1246
14195
12712
19165
28337
24592
13260
17854
6764
9988
8901
18065
25332
20397
30794
21705
5180
3905
2436
21109
9065
29797
8282
16498
12852
27899
14833
4831
24976
24123
3699
10706
14221
773
17936
16969
7293
1141
32579
29540
13141
185
2647
3025
4438
29727
32297
25479
6380
14450
2607
30135
31702
3719
10681
22271
10375
26131
7287
23522
9932
22463
18492
885
10160
1407
26625
31322
19613
21791
11309
18930
27075
14623
12308
1999
18365
31680
26813
6504
10354
16479
28904
24593
4922
12034
22095
24874
11331
32305
19501
16022
6962
20231
26365
4975
17677
3976
17796
2295
23896
22325
19217
14290
4734
29150
20228
10611
22899
3256
25997
3541
7320
14767
9654
31083
20959
15613
4260
16217
15407
22780
32281
15332
23562
3128
12862
8999
21357
30153
160
10248
16631
21472
8312
3947
22094
20639
5679
934
11711
4398
22049
15412
8996
15115
1186
19885
13323
25505
30526
13813
11028
7709
23365
30900
6811
7037
9608
24583
27287
4329
12125
13686
32194
22599
9449
1829
12795
32522
10398
19790
16360
14154
20482
1006
15839
24346
23986
3263
18951
4630
23719
28007
8122
31035
185
15855
7214
19708
28769
23414
30293
15761
23491
13095
11777
13715
1260
14696
30284
10950
7512
24916
7991
28982
7351
10348
17041
17541
29936
2697
14363
31619
18279
29206
5353
6655
32636
30843
14859
13533
30292
2780
13933
23657
987
18180
32764
235
8457
9372
18442
1404
32613
16033
28404
29975
14792
20757
23298
3571
612
16116
13966
5904
29188
13417
22889
13328
23701
14658
24954
11081
20198
18338
16040
21016
6572
15093
13819
4984
3529
11049
8189
17619
19918
2076
26215
15640
22718
2384
1273
25101
12821
17894
4522
8167
19208
2250
4097
32536
4367
13611
5059
19560
17825
20270
30414
1863
830
31971
9797
2657
5043
4984
19181
8820
31642
1196
20695
1886
24352
16519
4672
27515
9227
24392
10677
5421
29947
10144
12155
14012
2543
17693
26157
30817
23052
17129
6823
26781
6810
7860
15139
18127
12112
2031
27042
23558
28625
7995
3470
22036
26230
18977
10397
22756
27726
28419
29432
14861
18019
11602
669
6822
10303
26114
513
21341
16303
10299
14842
26307
11719
22098
29405
28138
4390
5879
28899
13106
1404
26288
4050
28512
15433
23942
16857
23792
4839
31997
30139
5549
18890
6730
10288
28286
16647
14529
9352
17795
24083
26765
14481
30304
32461
32163
24507
26841
7615
13049
10618
28064
2977
3570
24300
23914
25119
5661
11196
11848
5085
13600
20038
29493
15799
21231
4859
31211
7501
578
7943
31484
20671
20805
20018
4125
17333
4753
10244
25797
28067
12891
12333
21751
17739
27627
5668
28251
3459
29520
2061
1940
24376
26451
11488
25038
5299
8105
2504
2198
31259
11117
22217
25583
26427
5069
1702
12450
9862
14083
1538
21205
19800
20359
30149
14047
27007
31618
25793
13403
10234
22662
19606
10107
22784
1917
21970
13472
30021
11488
10077
27175
2168
16682
17685
13445
9488
17803
16821
22678
17736
12512
18427
26674
15720
10467
16138
25858
9031
23455
3597
1425
20238
3368
17181
20646
22846
11656
8549
722
14837
2812
23171
29253
28013
29793
30514
25829
16837
24553
13094
3234
12804
27154
20536
7683
29275
16601
9411
13573
4522
20266
26958
31782
21574
15516
2411
18877
11258
5467
31710
10124
29003
11877
26114
30872
16896
6650
3689
12601
10466
16461
25283
21869
29377
28800
5377
12657
21687
32207
5050
147
18353
15628
25037
30274
15658
30283
4424
23911
4410
7902
25992
16888
24016
28548
24738
22729
4923
10973
16386
6566
31216
10273
11346
16288
391
30226
8350
9124
262
10799
19637
9554
19554
12331
30418
5643
17219
11677
8315
23116
15624
19961
29354
13627
30219
2751
13611
29312
25126
17394
21829
25174
2166
15564
16284
23522
19550
20656
4438
14787
18383
29792
25725
1258
6855
22384
15268
16812
21528
14843
20686
4885
22379
19092
19339
10368
25732
8319
8804
10596
9160
9762
11129
4977
23548
1974
8297
16092
13647
31298
6514
31991
11675
28362
17370
1284
8680
1475
22413
9035
4402
22219
4103
24170
31852
24727
11380
1773
1988
13613
15126
25886
16681
13907
13288
31006
12298
30279
9857
309
4705
4272
32570
14951
27377
4053
10131
3912
17611
12813
1491
10513
20503
9078
8175
5874
15377
32746
26029
32682
29266
12591
26121
4438
5969
32110
29656
9094
29737
23015
32171
16278
11677
21986
7414
828
27737
12777
8306
4445
23162
30516
5567
1317
6737
9061
5710
6998
6756
15478
23422
1504
27318
24815
24069
7603
30537
10332
1170
26321
19424
26622
9649
6823
17673
12225
24814
11421
21083
4974
4925
31980
11773
5154
27289
11695
11624
15871
23788
20030
3949
20001
1583
20663
27513
29907
12754
32221
9752
2051
4958
23334
3768
14836
29273
14095
2736
10291
19818
20403
29056
22220
14525
18332
32346
27581
31657
23769
31458
16043
12688
5712
1843
4308
29191
23382
8994
325
17463
10621
23750
4429
24963
23725
18488
19761
2924
15735
9367
27937
30897
18853
21071
619
7610
27414
32411
1263
21558
4297
10313
21715
9732
24119
25022
1144
16207
25830
29753
32428
19454
7227
18524
23841
17483
2960
14312
797
27825
23174
11464
20596
3340
15260
12625
180
8956
25857
21960
2719
5002
2983
3876
5086
8206
5273
29462
19699
8784
28814
30023
18800
21485
21950
2529
10342
9468
19444
20816
8481
26098
16101
12618
18450
18627
2752
32524
8205
32074
14086
7911
19381
27883
21404
15612
29492
22903
11295
836
12847
25423
17783
28883
8696
15053
22959
13917
21510
223
17923
15353
20643
6901
7995
13349
28133
32286
24632
24586
4831
13677
26317
26882
15128
10146
13008
29528
20029
24582
7024
20047
8210
24215
28360
25957
11438
13157
12213
22232
25832
26940
26085
21354
7949
899
13361
11105
32724
4964
10541
11475
28563
10286
32253
14112
28594
7927
14186
10176
25696
5509
23861
1087
9862
1135
15274
1413
29177
17535
25465
26715
1012
859
23490
10027
32197
27492
14959
263
24518
735
